0.354591836734694 0.943877551020408 0.808673469387755 0.762755102040816 0.724489795918367 0.232142857142857 0.0331632653061225 0.147959183673469
0.130102040816327 0.905612244897959 0.877551020408163 0.908163265306122 0.772959183673469 0.10969387755102 0.145408163265306 0.0102040816326531
0.316326530612245 0.630102040816326 0.816326530612245 0.829081632653061 0.709183673469388 0.216836734693878 0.122448979591837 0.573979591836735
0.191326530612245 0.803571428571429 0.806122448979592 0.872448979591837 0.704081632653061 0.076530612244898 0.0510204081632653 0.298469387755102
0.237244897959184 0.903061224489796 0.770408163265306 0.788265306122449 0.716836734693878 0.0280612244897959 0.0561224489795918 0.048469387755102
0.125 0.989795918367347 0.979591836734694 0.971938775510204 0.915816326530612 0.0612244897959184 0.00255102040816327 0.698979591836735
0.0663265306122449 0.885204081632653 0.99234693877551 0.989795918367347 0.918367346938776 0.0102040816326531 0.127551020408163 0.466836734693878
0.0357142857142857 0.872448979591837 0.987244897959184 0.987244897959184 0.908163265306122 0.00255102040816327 0.0102040816326531 0.772959183673469
0.155612244897959 0.931122448979592 0.997448979591837 0.99234693877551 0.938775510204082 0.0433673469387755 0.176020408163265 0.60969387755102
0.176020408163265 0.844387755102041 0.943877551020408 0.959183673469388 0.808673469387755 0.0127551020408163 0.183673469387755 0.323979591836735
0.137755102040816 0.785714285714286 0.938775510204082 0.931122448979592 0.737244897959184 0.048469387755102 0.076530612244898 0.520408163265306
0.0561224489795918 0.877551020408163 0.85969387755102 0.903061224489796 0.747448979591837 0.00510204081632653 0.0280612244897959 0.397959183673469
0.0841836734693878 0.864795918367347 0.974489795918367 0.86734693877551 0.788265306122449 0.0178571428571429 0.10969387755102 0.125
0.122448979591837 0.778061224489796 1 0.997448979591837 0.596938775510204 0.0076530612244898 0.038265306122449 0.288265306122449
0.612244897959184 0.125 0.318877551020408 0.505102040816326 0.316326530612245 0.622448979591837 0.0408163265306122 0.295918367346939
0.530612244897959 0.818877551020408 0.573979591836735 0.51530612244898 0.510204081632653 0.525510204081633 0.119897959183673 0.410714285714286
0.247448979591837 0.676020408163265 0.584183673469388 0.535714285714286 0.489795918367347 0.701530612244898 0.0892857142857143 0.0841836734693878
0.5 0.25 0.591836734693878 0.346938775510204 0.405612244897959 0.642857142857143 0.0255102040816327 0.482142857142857
0.714285714285714 0.362244897959184 0.155612244897959 0.413265306122449 0.183673469387755 0.372448979591837 0.0127551020408163 0.691326530612245
0.591836734693878 0.290816326530612 0.158163265306122 0.00255102040816327 0.0331632653061225 0.938775510204082 0.0433673469387755 0.852040816326531
0.571428571428571 0.183673469387755 0.295918367346939 0.387755102040816 0.454081632653061 0.627551020408163 0.0229591836734694 0.170918367346939
0.566326530612245 0.214285714285714 0.283163265306122 0.446428571428571 0.349489795918367 0.538265306122449 0.130102040816327 0.737244897959184
0.553571428571429 0.142857142857143 0.25 0.512755102040816 0.318877551020408 0.586734693877551 0.0663265306122449 0.635204081632653
0.665816326530612 0.0459183673469388 0.377551020408163 0.724489795918367 0.260204081632653 0.0918367346938776 0.0153061224489796 0.795918367346939
0.448979591836735 0.26530612244898 0.579081632653061 0.454081632653061 0.438775510204082 0.5 0.0535714285714286 0.464285714285714
0.00510204081632653 0.849489795918367 0.933673469387755 0.98469387755102 0.961734693877551 0.165816326530612 0.112244897959184 0.709183673469388
0.0178571428571429 0.961734693877551 0.811224489795918 0.974489795918367 0.926020408163265 0.589285714285714 0.00510204081632653 0.551020408163265
0.00255102040816327 0.982142857142857 0.834183673469388 0.979591836734694 0.933673469387755 0.155612244897959 0.104591836734694 0.676020408163265
0.0127551020408163 0.760204081632653 0.788265306122449 0.966836734693878 0.979591836734694 0.862244897959184 0.0076530612244898 0.0943877551020408
0.711734693877551 0.397959183673469 0.160714285714286 0.405612244897959 0.186224489795918 0.272959183673469 0.0790816326530612 0.903061224489796
0.686224489795918 0.0688775510204082 0.461734693877551 0.443877551020408 0.275510204081633 0.413265306122449 0.0714285714285714 0.0280612244897959
0.584183673469388 0.50765306122449 0.306122448979592 0.548469387755102 0.255102040816327 0.211734693877551 0.13265306122449 0.966836734693878
0.364795918367347 0.428571428571429 0.678571428571429 0.594387755102041 0.431122448979592 0.295918367346939 0.102040816326531 0.706632653061224
0.158163265306122 0.510204081632653 0.599489795918367 0.647959183673469 0.711734693877551 0.535714285714286 0.086734693877551 0.489795918367347
0.285714285714286 0.364795918367347 0.688775510204082 0.589285714285714 0.665816326530612 0.780612244897959 0.237244897959184 0.594387755102041
0.410714285714286 0.670918367346939 0.696428571428571 0.400510204081633 0.660714285714286 0.275510204081633 0.0841836734693878 0.625
0.201530612244898 0.798469387755102 0.660714285714286 0.596938775510204 0.663265306122449 0.206632653061224 0.0178571428571429 0.104591836734694
0.119897959183673 0.89030612244898 0.915816326530612 0.910714285714286 0.88265306122449 0.181122448979592 0.0357142857142857 0.086734693877551
0.13265306122449 0.987244897959184 0.959183673469388 0.941326530612245 0.948979591836735 0.0255102040816327 0.0586734693877551 0.403061224489796
0.076530612244898 0.869897959183674 0.903061224489796 0.892857142857143 0.875 0.102040816326531 0.135204081632653 0.142857142857143
0.186224489795918 0.892857142857143 0.831632653061224 0.841836734693878 0.857142857142857 0.369897959183673 0.181122448979592 0.431122448979592
0.048469387755102 0.811224489795918 0.941326530612245 0.948979591836735 0.994897959183674 0.125 0.165816326530612 0.522959183673469
0.0153061224489796 0.755102040816326 0.971938775510204 0.923469387755102 0.982142857142857 0.168367346938776 0.11734693877551 0.48469387755102
0.0459183673469388 0.974489795918367 0.966836734693878 0.933673469387755 1 0.112244897959184 0.147959183673469 0.211734693877551
0.311224489795918 0.854591836734694 0.724489795918367 0.706632653061224 0.563775510204082 0.410714285714286 0.155612244897959 0.441326530612245
0.522959183673469 0.295918367346939 0.466836734693878 0.206632653061224 0.341836734693878 0.895408163265306 0.0612244897959184 0.647959183673469
0.385204081632653 0.801020408163265 0.719387755102041 0.602040816326531 0.658163265306122 0.510204081632653 0.0459183673469388 0.49234693877551
0.23469387755102 0.678571428571429 0.704081632653061 0.380102040816327 0.607142857142857 0.204081632653061 0.0943877551020408 0.201530612244898
0.528061224489796 0.530612244897959 0.410714285714286 0.349489795918367 0.244897959183673 0.540816326530612 0.0306122448979592 0.0408163265306122
0.693877551020408 0.211734693877551 0.323979591836735 0.464285714285714 0.163265306122449 0.423469387755102 0.0688775510204082 0.678571428571429
0.762755102040816 0.0943877551020408 0.038265306122449 0.181122448979592 0.142857142857143 0.948979591836735 0.214285714285714 0.798469387755102
0.818877551020408 0.477040816326531 0.076530612244898 0.232142857142857 0.135204081632653 0.395408163265306 0.0994897959183673 0.660714285714286
0.76530612244898 0.512755102040816 0.0153061224489796 0.0816326530612245 0.0127551020408163 0.900510204081633 0.0739795918367347 0.961734693877551
0.897959183673469 0.155612244897959 0.0102040816326531 0.130102040816327 0.00255102040816327 0.821428571428571 0.0204081632653061 0.834183673469388
0.647959183673469 0.321428571428571 0.209183673469388 0.0433673469387755 0.0306122448979592 0.910714285714286 0.173469387755102 0.308673469387755
0.61734693877551 0.181122448979592 0.10969387755102 0.147959183673469 0.0688775510204082 0.974489795918367 0.048469387755102 0.280612244897959
0.596938775510204 0.288265306122449 0.311224489795918 0.510204081632653 0.285714285714286 0.392857142857143 0.196428571428571 0.604591836734694
0.576530612244898 0.522959183673469 0.191326530612245 0.283163265306122 0.168367346938776 0.844387755102041 0.252551020408163 0.576530612244898
0.489795918367347 0.0076530612244898 0.224489795918367 0.0306122448979592 0.267857142857143 1 0.178571428571429 0.956632653061224
0.438775510204082 0.405612244897959 0.471938775510204 0.479591836734694 0.344387755102041 0.933673469387755 0.137755102040816 0.653061224489796
0.479591836734694 0.219387755102041 0.39030612244898 0.334183673469388 0.252551020408163 0.727040816326531 0.150510204081633 0.0637755102040816
0.0306122448979592 0.841836734693878 0.875 0.913265306122449 0.897959183673469 0.145408163265306 0.0969387755102041 0.155612244897959
0.196428571428571 0.966836734693878 0.946428571428571 0.943877551020408 0.931122448979592 0.0841836734693878 0.0816326530612245 0.686224489795918
0.168367346938776 0.946428571428571 0.826530612244898 0.877551020408163 0.86734693877551 0.303571428571429 0.23469387755102 0.538265306122449
0.147959183673469 0.729591836734694 0.923469387755102 0.895408163265306 0.864795918367347 0.318877551020408 0.191326530612245 0.0663265306122449
0.255102040816327 0.780612244897959 0.767857142857143 0.831632653061224 0.767857142857143 0.0688775510204082 0.227040816326531 0.00510204081632653
0.0331632653061225 0.933673469387755 0.982142857142857 0.977040816326531 0.966836734693878 0.0561224489795918 0.198979591836735 0.14030612244898
0.0816326530612245 0.834183673469388 0.892857142857143 0.897959183673469 0.959183673469388 0.135204081632653 0.158163265306122 0.112244897959184
0.0204081632653061 0.997448979591837 0.913265306122449 0.905612244897959 0.943877551020408 0.147959183673469 0.14030612244898 0.130102040816327
0.114795918367347 0.969387755102041 0.956632653061224 0.961734693877551 0.936224489795918 0.158163265306122 0.288265306122449 0.510204081632653
0.318877551020408 0.0127551020408163 0.0076530612244898 0.558673469387755 0.306122448979592 0.339285714285714 0.193877551020408 0.5
0.145408163265306 0.852040816326531 0.780612244897959 0.880102040816326 0.816326530612245 0.0892857142857143 0.168367346938776 0.0306122448979592
0.0714285714285714 0.977040816326531 0.813775510204082 0.767857142857143 0.85969387755102 0.306122448979592 0.186224489795918 0.173469387755102
0.0586734693877551 0.772959183673469 0.762755102040816 0.801020408163265 0.903061224489796 0.670918367346939 0.239795918367347 0.719387755102041
0.0943877551020408 0.895408163265306 0.849489795918367 0.836734693877551 0.849489795918367 0.288265306122449 0.25 0.895408163265306
0.418367346938776 0.150510204081633 0.413265306122449 0.711734693877551 0.545918367346939 0.221938775510204 0.160714285714286 0.278061224489796
0.487244897959184 0.36734693877551 0.341836734693878 0.260204081632653 0.372448979591837 0.961734693877551 0.153061224489796 0.584183673469388
0.464285714285714 0.0790816326530612 0.331632653061224 0.39030612244898 0.568877551020408 0.852040816326531 0.0637755102040816 0.571428571428571
0.627551020408163 0.494897959183673 0.142857142857143 0.153061224489796 0.224489795918367 0.688775510204082 0.0918367346938776 0.0994897959183673
0.48469387755102 0.23469387755102 0.385204081632653 0.364795918367347 0.334183673469388 0.474489795918367 0.201530612244898 0.267857142857143
0.678571428571429 0.24234693877551 0.186224489795918 0.487244897959184 0.288265306122449 0.681122448979592 0.142857142857143 0.581632653061224
0.561224489795918 0.326530612244898 0.364795918367347 0.538265306122449 0.369897959183673 0.619897959183674 0.255102040816327 0.739795918367347
0.747448979591837 0.204081632653061 0.227040816326531 0.303571428571429 0.211734693877551 0.520408163265306 0.280612244897959 0.127551020408163
0.653061224489796 0.293367346938776 0.170918367346939 0.385204081632653 0.150510204081633 0.469387755102041 0.224489795918367 0.931122448979592
0.112244897959184 0.737244897959184 0.897959183673469 0.938775510204082 0.862244897959184 0.183673469387755 0.209183673469388 0.114795918367347
0.104591836734694 0.936224489795918 0.785714285714286 0.854591836734694 0.770408163265306 0.0790816326530612 0.308673469387755 0.663265306122449
0.0790816326530612 0.910714285714286 0.864795918367347 0.813775510204082 0.836734693877551 0.290816326530612 0.267857142857143 0.209183673469388
0.0969387755102041 0.75 0.760204081632653 0.783163265306122 0.839285714285714 0.280612244897959 0.295918367346939 0.214285714285714
0.11734693877551 0.762755102040816 0.836734693877551 0.85969387755102 0.790816326530612 0.0535714285714286 0.301020408163265 0.122448979591837
0.0510204081632653 0.714285714285714 0.98469387755102 0.969387755102041 0.99234693877551 0.153061224489796 0.188775510204082 0.446428571428571
0.150510204081633 0.964285714285714 0.948979591836735 0.869897959183674 0.951530612244898 0.0204081632653061 0.415816326530612 0.102040816326531
0.107142857142857 0.719387755102041 0.908163265306122 0.900510204081633 0.923469387755102 0.119897959183673 0.262755102040816 0.681122448979592
0.0637755102040816 0.806122448979592 0.821428571428571 0.844387755102041 0.892857142857143 0.354591836734694 0.211734693877551 0.566326530612245
0.0688775510204082 0.836734693877551 0.989795918367347 0.982142857142857 0.98469387755102 0.0816326530612245 0.270408163265306 0.36734693877551
0.0535714285714286 0.908163265306122 0.994897959183674 0.994897959183674 0.989795918367347 0.11734693877551 0.290816326530612 0.272959183673469
0.102040816326531 0.739795918367347 0.936224489795918 0.936224489795918 0.795918367346939 0.0306122448979592 0.125 0.25765306122449
0.375 0.663265306122449 0.627551020408163 0.622448979591837 0.602040816326531 0.721938775510204 0.408163265306122 0.864795918367347
0.198979591836735 0.724489795918367 0.693877551020408 0.591836734693878 0.655612244897959 0.818877551020408 0.372448979591837 0.270408163265306
0.293367346938776 0.668367346938776 0.670918367346939 0.584183673469388 0.551020408163265 0.691326530612245 0.229591836734694 0.711734693877551
0.36734693877551 0.683673469387755 0.691326530612245 0.408163265306122 0.584183673469388 0.816326530612245 0.216836734693878 0.260204081632653
0.573979591836735 0.658163265306122 0.568877551020408 0.5 0.533163265306122 0.591836734693878 0.344387755102041 0.377551020408163
0.630102040816326 0.410714285714286 0.198979591836735 0.00510204081632653 0.0637755102040816 0.966836734693878 0.221938775510204 0.951530612244898
0.0076530612244898 0.875 0.964285714285714 0.862244897959184 0.997448979591837 0.334183673469388 0.339285714285714 0.752551020408163
0.0433673469387755 0.926020408163265 0.961734693877551 0.918367346938776 0.987244897959184 0.0943877551020408 0.436224489795918 0.237244897959184
0.0892857142857143 0.897959183673469 0.928571428571429 0.920918367346939 0.969387755102041 0.160714285714286 0.244897959183673 0.469387755102041
0.0102040816326531 0.941326530612245 0.880102040816326 0.951530612244898 0.956632653061224 0.142857142857143 0.206632653061224 0.505102040816326
0.288265306122449 0.691326530612245 0.653061224489796 0.579081632653061 0.49234693877551 0.49234693877551 0.107142857142857 0.168367346938776
0.39030612244898 0.237244897959184 0.153061224489796 0.426020408163265 0.283163265306122 0.926020408163265 0.306122448979592 0.76530612244898
0.459183673469388 0.170918367346939 0.443877551020408 0.186224489795918 0.336734693877551 0.880102040816326 0.204081632653061 0.61734693877551
0.456632653061224 0.255102040816327 0.293367346938776 0.502551020408163 0.321428571428571 0.607142857142857 0.163265306122449 0.887755102040816
0.298469387755102 0.0331632653061225 0.0178571428571429 0.469387755102041 0.173469387755102 0.385204081632653 0.26530612244898 0.959183673469388
0.262755102040816 0.385204081632653 0.405612244897959 0.344387755102041 0.303571428571429 0.864795918367347 0.285714285714286 0.219387755102041
0.469387755102041 0.51530612244898 0.525510204081633 0.660714285714286 0.35969387755102 0.479591836734694 0.303571428571429 0.599489795918367
0.63265306122449 0.216836734693878 0.206632653061224 0.410714285714286 0.280612244897959 0.502551020408163 0.114795918367347 0.844387755102041
0.183673469387755 1 0.918367346938776 0.808673469387755 0.854591836734694 0.214285714285714 0.219387755102041 0.301020408163265
0.283163265306122 0.994897959183674 0.969387755102041 1 0.900510204081633 0.0153061224489796 0.272959183673469 0.665816326530612
0.744897959183674 0.0586734693877551 0.00255102040816327 0.0076530612244898 0.0433673469387755 0.977040816326531 0.316326530612245 0.928571428571429
0.581632653061224 0.604591836734694 0.326530612244898 0.216836734693878 0.206632653061224 0.375 0.170918367346939 0.0561224489795918
0.349489795918367 0.201530612244898 0.316326530612245 0.474489795918367 0.400510204081633 0.293367346938776 0.260204081632653 0.23469387755102
0.275510204081633 0.153061224489796 0.400510204081633 0.709183673469388 0.522959183673469 0.377551020408163 0.298469387755102 0.913265306122449
0.0994897959183673 0.721938775510204 0.846938775510204 0.885204081632653 0.683673469387755 0.0994897959183673 0.418367346938776 0.579081632653061
0.602040816326531 0.0714285714285714 0.346938775510204 0.658163265306122 0.441326530612245 0.267857142857143 0.364795918367347 0.563775510204082
0.423469387755102 0.599489795918367 0.538265306122449 0.74234693877551 0.502551020408163 0.285714285714286 0.357142857142857 0.823979591836735
0.0255102040816327 0.63265306122449 0.887755102040816 0.954081632653061 0.76530612244898 0.0408163265306122 0.428571428571429 0.306122448979592
0.339285714285714 0.693877551020408 0.571428571428571 0.522959183673469 0.599489795918367 0.709183673469388 0.24234693877551 0.512755102040816
0.280612244897959 0.688775510204082 0.647959183673469 0.614795918367347 0.530612244897959 0.693877551020408 0.247448979591837 0.364795918367347
0.160714285714286 0.380102040816327 0.706632653061224 0.599489795918367 0.668367346938776 0.645408163265306 0.275510204081633 0.670918367346939
0.821428571428571 0.11734693877551 0.0331632653061225 0.13265306122449 0.0663265306122449 0.808673469387755 0.352040816326531 0.946428571428571
0.681122448979592 0.196428571428571 0.408163265306122 0.295918367346939 0.354591836734694 0.75 0.403061224489796 0.285714285714286
0.862244897959184 0.413265306122449 0.00510204081632653 0.0739795918367347 0.0357142857142857 0.969387755102041 0.232142857142857 0.933673469387755
0.604591836734694 0.329081632653061 0.459183673469388 0.219387755102041 0.38265306122449 0.724489795918367 0.362244897959184 0.413265306122449
0.219387755102041 0.454081632653061 0.701530612244898 0.581632653061224 0.793367346938776 0.668367346938776 0.377551020408163 0.339285714285714
0.239795918367347 0.586734693877551 0.727040816326531 0.696428571428571 0.75765306122449 0.795918367346939 0.331632653061224 0.119897959183673
0.227040816326531 0.788265306122449 0.60969387755102 0.655612244897959 0.75 0.73469387755102 0.349489795918367 0.821428571428571
0.181122448979592 0.99234693877551 0.778061224489796 0.803571428571429 0.872448979591837 0.178571428571429 0.413265306122449 0.183673469387755
0.038265306122449 0.938775510204082 0.926020408163265 0.852040816326531 0.977040816326531 0.471938775510204 0.354591836734694 0.568877551020408
0.170918367346939 0.846938775510204 0.857142857142857 0.857142857142857 0.946428571428571 0.426020408163265 0.423469387755102 0.395408163265306
0.127551020408163 0.948979591836735 0.775510204081633 0.795918367346939 0.964285714285714 0.349489795918367 0.39030612244898 0.454081632653061
0.142857142857143 0.826530612244898 0.803571428571429 0.864795918367347 0.895408163265306 0.716836734693878 0.35969387755102 0.732142857142857
0.721938775510204 0.0739795918367347 0.204081632653061 0.311224489795918 0.24234693877551 0.420918367346939 0.329081632653061 0.701530612244898
0.622448979591837 0.038265306122449 0.0280612244897959 0.125 0.0739795918367347 0.415816326530612 0.336734693877551 0.614795918367347
0.589285714285714 0.0612244897959184 0.176020408163265 0.288265306122449 0.295918367346939 0.456632653061224 0.36734693877551 0.75
0.772959183673469 0.112244897959184 0.0204081632653061 0.0255102040816327 0.00510204081632653 0.61734693877551 0.49234693877551 0.971938775510204
0.857142857142857 0.163265306122449 0.0459183673469388 0.0561224489795918 0.112244897959184 0.872448979591837 0.283163265306122 0.964285714285714
0.739795918367347 0.334183673469388 0.104591836734694 0.229591836734694 0.176020408163265 0.517857142857143 0.380102040816327 0.232142857142857
0.594387755102041 0.176020408163265 0.13265306122449 0.221938775510204 0.153061224489796 0.494897959183673 0.375 0.869897959183674
0.670918367346939 0.285714285714286 0.321428571428571 0.26530612244898 0.26530612244898 0.551020408163265 0.278061224489796 0.885204081632653
0.505102040816326 0.400510204081633 0.375 0.545918367346939 0.362244897959184 0.209183673469388 0.323979591836735 0.88265306122449
0.642857142857143 0.602040816326531 0.280612244897959 0.489795918367347 0.329081632653061 0.660714285714286 0.397959183673469 0.89030612244898
0.834183673469388 0.436224489795918 0.0306122448979592 0.112244897959184 0.10969387755102 0.364795918367347 0.25765306122449 0.910714285714286
0.306122448979592 0.614795918367347 0.619897959183674 0.517857142857143 0.647959183673469 0.678571428571429 0.341836734693878 0.331632653061224
0.290816326530612 0.744897959183674 0.681122448979592 0.63265306122449 0.719387755102041 0.464285714285714 0.346938775510204 0.808673469387755
0.135204081632653 0.655612244897959 0.716836734693878 0.196428571428571 0.706632653061224 0.951530612244898 0.441326530612245 0.645408163265306
0.178571428571429 0.701530612244898 0.698979591836735 0.201530612244898 0.614795918367347 0.923469387755102 0.410714285714286 0.349489795918367
0.173469387755102 0.816326530612245 0.954081632653061 0.926020408163265 0.974489795918367 0.0586734693877551 0.543367346938776 0.372448979591837
0.252551020408163 0.88265306122449 0.86734693877551 0.823979591836735 0.941326530612245 0.331632653061224 0.385204081632653 0.0816326530612245
0.193877551020408 0.783163265306122 0.841836734693878 0.849489795918367 0.954081632653061 0.298469387755102 0.392857142857143 0.0204081632653061
0.0739795918367347 0.747448979591837 0.910714285714286 0.826530612244898 0.971938775510204 0.176020408163265 0.553571428571429 0.244897959183673
0.232142857142857 0.732142857142857 0.650510204081633 0.678571428571429 0.823979591836735 0.956632653061224 0.474489795918367 0.558673469387755
0.214285714285714 0.752551020408163 0.711734693877551 0.637755102040816 0.818877551020408 0.839285714285714 0.405612244897959 0.362244897959184
0.221938775510204 0.709183673469388 0.732142857142857 0.701530612244898 0.780612244897959 0.88265306122449 0.38265306122449 0.841836734693878
0.334183673469388 0.346938775510204 0.602040816326531 0.533163265306122 0.798469387755102 0.806122448979592 0.530612244897959 0.387755102040816
0.461734693877551 0.74234693877551 0.663265306122449 0.688775510204082 0.586734693877551 0.428571428571429 0.426020408163265 0.375
0.392857142857143 0.793367346938776 0.744897959183674 0.681122448979592 0.635204081632653 0.219387755102041 0.471938775510204 0.107142857142857
0.10969387755102 0.76530612244898 0.793367346938776 0.760204081632653 0.619897959183674 0.173469387755102 0.313775510204082 0.474489795918367
0.790816326530612 0.267857142857143 0.201530612244898 0.252551020408163 0.216836734693878 0.74234693877551 0.293367346938776 0.770408163265306
0.563775510204082 0.048469387755102 0.477040816326531 0.316326530612245 0.436224489795918 0.76530612244898 0.318877551020408 0.456632653061224
0.443877551020408 0.704081632653061 0.676020408163265 0.576530612244898 0.538265306122449 0.653061224489796 0.311224489795918 0.405612244897959
0.497448979591837 0.0357142857142857 0.482142857142857 0.267857142857143 0.408163265306122 0.829081632653061 0.448979591836735 0.744897959183674
0.540816326530612 0.0408163265306122 0.436224489795918 0.528061224489796 0.464285714285714 0.193877551020408 0.420918367346939 0.997448979591837
0.49234693877551 0.232142857142857 0.0790816326530612 0.193877551020408 0.25 0.793367346938776 0.395408163265306 0.801020408163265
0.474489795918367 0.298469387755102 0.339285714285714 0.568877551020408 0.385204081632653 0.673469387755102 0.334183673469388 0.714285714285714
0.313775510204082 0.579081632653061 0.553571428571429 0.563775510204082 0.571428571428571 0.466836734693878 0.326530612244898 0.51530612244898
0.793367346938776 0.107142857142857 0.11734693877551 0.150510204081633 0.0561224489795918 0.357142857142857 0.477040816326531 0.816326530612245
0.38265306122449 0.548469387755102 0.658163265306122 0.48469387755102 0.630102040816326 0.711734693877551 0.459183673469388 0.596938775510204
0.558673469387755 0.086734693877551 0.313775510204082 0.520408163265306 0.459183673469388 0.36734693877551 0.482142857142857 0.26530612244898
0.543367346938776 0.186224489795918 0.38265306122449 0.372448979591837 0.561224489795918 0.747448979591837 0.502551020408163 0.642857142857143
0.494897959183673 0.431122448979592 0.403061224489796 0.573979591836735 0.553571428571429 0.446428571428571 0.443877551020408 0.459183673469388
0.635204081632653 0.0255102040816327 0.380102040816327 0.719387755102041 0.448979591836735 0.329081632653061 0.433673469387755 0.38265306122449
0.887755102040816 0.0663265306122449 0.114795918367347 0.0280612244897959 0.0178571428571429 0.885204081632653 0.387755102040816 0.813775510204082
0.645408163265306 0.13265306122449 0.278061224489796 0.369897959183673 0.357142857142857 0.647959183673469 0.454081632653061 0.255102040816327
0.568877551020408 0.556122448979592 0.329081632653061 0.308673469387755 0.247448979591837 0.875 0.451530612244898 0.418367346938776
0.619897959183674 0.39030612244898 0.474489795918367 0.477040816326531 0.395408163265306 0.336734693877551 0.400510204081633 0.704081632653061
0.676020408163265 0.420918367346939 0.196428571428571 0.270408163265306 0.270408163265306 0.573979591836735 0.566326530612245 0.357142857142857
0.696428571428571 0.0510204081632653 0.244897959183673 0.318877551020408 0.232142857142857 0.403061224489796 0.464285714285714 0.188775510204082
0.229591836734694 0.73469387755102 0.795918367346939 0.798469387755102 0.887755102040816 0.252551020408163 0.438775510204082 0.471938775510204
0.209183673469388 0.795918367346939 0.839285714285714 0.875 0.880102040816326 0.13265306122449 0.321428571428571 0.502551020408163
0.0918367346938776 0.831632653061224 0.783163265306122 0.737244897959184 0.834183673469388 0.650510204081633 0.563775510204082 0.612244897959184
0.14030612244898 0.915816326530612 0.900510204081633 0.89030612244898 0.885204081632653 0.086734693877551 0.576530612244898 0.426020408163265
0.517857142857143 0.443877551020408 0.612244897959184 0.60969387755102 0.637755102040816 0.64030612244898 0.528061224489796 0.165816326530612
0.477040816326531 0.387755102040816 0.709183673469388 0.625 0.670918367346939 0.39030612244898 0.589285714285714 0.13265306122449
0.525510204081633 0.775510204081633 0.589285714285714 0.313775510204082 0.579081632653061 0.826530612244898 0.61734693877551 0.303571428571429
0.405612244897959 0.469387755102041 0.673469387755102 0.466836734693878 0.594387755102041 0.788265306122449 0.517857142857143 0.785714285714286
0.691326530612245 0.0178571428571429 0.0561224489795918 0.0229591836734694 0.122448979591837 0.99234693877551 0.548469387755102 0.803571428571429
0.579081632653061 0.48469387755102 0.239795918367347 0.048469387755102 0.214285714285714 0.959183673469388 0.505102040816326 0.0229591836734694
0.780612244897959 0.645408163265306 0.125 0.170918367346939 0.0510204081632653 0.397959183673469 0.622448979591837 0.627551020408163
0.826530612244898 0.168367346938776 0.130102040816327 0.0331632653061225 0.0153061224489796 0.897959183673469 0.581632653061224 0.762755102040816
0.413265306122449 0.339285714285714 0.614795918367347 0.604591836734694 0.762755102040816 0.915816326530612 0.510204081632653 0.589285714285714
0.372448979591837 0.482142857142857 0.683673469387755 0.278061224489796 0.74234693877551 0.982142857142857 0.520408163265306 0.423469387755102
0.341836734693878 0.829081632653061 0.721938775510204 0.676020408163265 0.760204081632653 0.625 0.48469387755102 0.75765306122449
0.295918367346939 0.571428571428571 0.73469387755102 0.530612244897959 0.625 0.729591836734694 0.678571428571429 0.545918367346939
0.75765306122449 0.528061224489796 0.173469387755102 0.165816326530612 0.0255102040816327 0.150510204081633 0.466836734693878 0.00255102040816327
0.869897959183674 0.0153061224489796 0.048469387755102 0.14030612244898 0.104591836734694 0.584183673469388 0.5 0.63265306122449
0.704081632653061 0.456632653061224 0.163265306122449 0.237244897959184 0.198979591836735 0.683673469387755 0.489795918367347 0.477040816326531
0.716836734693878 0.466836734693878 0.464285714285714 0.204081632653061 0.392857142857143 0.48469387755102 0.431122448979592 0.461734693877551
0.267857142857143 0.303571428571429 0.415816326530612 0.619897959183674 0.60969387755102 0.448979591836735 0.512755102040816 0.497448979591837
0.0408163265306122 0.85969387755102 0.852040816326531 0.846938775510204 0.829081632653061 0.163265306122449 0.551020408163265 0.668367346938776
0.380102040816327 0.451530612244898 0.357142857142857 0.423469387755102 0.653061224489796 0.920918367346939 0.369897959183673 0.875
0.446428571428571 0.392857142857143 0.533163265306122 0.653061224489796 0.543367346938776 0.637755102040816 0.461734693877551 0.943877551020408
0.308673469387755 0.64030612244898 0.551020408163265 0.739795918367347 0.803571428571429 0.790816326530612 0.596938775510204 0.655612244897959
0.25 0.566326530612245 0.869897959183674 0.956632653061224 0.928571428571429 0.0510204081632653 0.584183673469388 0.224489795918367
0.0229591836734694 0.971938775510204 0.862244897959184 0.818877551020408 0.844387755102041 0.0357142857142857 0.479591836734694 0.326530612244898
0.0280612244897959 0.770408163265306 0.76530612244898 0.752551020408163 0.811224489795918 0.568877551020408 0.51530612244898 0.344387755102041
0.0612244897959184 0.75765306122449 0.854591836734694 0.839285714285714 0.785714285714286 0.38265306122449 0.522959183673469 0.0612244897959184
0.844387755102041 0.660714285714286 0.23469387755102 0.142857142857143 0.127551020408163 0.846938775510204 0.602040816326531 0.936224489795918
0.75 0.306122448979592 0.290816326530612 0.301020408163265 0.201530612244898 0.441326530612245 0.469387755102041 0.227040816326531
0.941326530612245 0.489795918367347 0.0357142857142857 0.038265306122449 0.0280612244897959 0.783163265306122 0.538265306122449 0.530612244897959
0.60969387755102 0.173469387755102 0.387755102040816 0.553571428571429 0.301020408163265 0.387755102040816 0.545918367346939 0.290816326530612
0.872448979591837 0.160714285714286 0.0510204081632653 0.168367346938776 0.0612244897959184 0.803571428571429 0.785714285714286 0.811224489795918
0.362244897959184 0.880102040816326 0.790816326530612 0.811224489795918 0.813775510204082 0.0969387755102041 0.568877551020408 0.0535714285714286
0.270408163265306 0.423469387755102 0.739795918367347 0.670918367346939 0.846938775510204 0.918367346938776 0.558673469387755 0.630102040816326
0.165816326530612 0.813775510204082 0.829081632653061 0.821428571428571 0.869897959183674 0.186224489795918 0.619897959183674 0.39030612244898
0.086734693877551 0.823979591836735 0.755102040816326 0.755102040816326 0.905612244897959 0.341836734693878 0.50765306122449 0.311224489795918
0.25765306122449 0.538265306122449 0.714285714285714 0.665816326530612 0.727040816326531 0.767857142857143 0.579081632653061 0.196428571428571
0.369897959183673 0.584183673469388 0.63265306122449 0.650510204081633 0.696428571428571 0.798469387755102 0.614795918367347 0.181122448979592
0.321428571428571 0.244897959183673 0.625 0.607142857142857 0.755102040816326 0.737244897959184 0.487244897959184 0.385204081632653
0.357142857142857 0.247448979591837 0.686224489795918 0.566326530612245 0.729591836734694 0.971938775510204 0.612244897959184 0.622448979591837
0.211734693877551 0.98469387755102 0.977040816326531 0.946428571428571 0.89030612244898 0.137755102040816 0.494897959183673 0.0357142857142857
0.153061224489796 0.956632653061224 0.88265306122449 0.928571428571429 0.877551020408163 0.0637755102040816 0.591836734693878 0.553571428571429
0.188775510204082 0.808673469387755 0.951530612244898 0.964285714285714 0.910714285714286 0.400510204081633 0.767857142857143 0.0510204081632653
0.260204081632653 0.923469387755102 0.920918367346939 0.834183673469388 0.913265306122449 0.51530612244898 0.655612244897959 0.341836734693878
0.760204081632653 0.533163265306122 0.150510204081633 0.272959183673469 0.0586734693877551 0.50765306122449 0.586734693877551 0.50765306122449
0.533163265306122 0.280612244897959 0.5 0.392857142857143 0.482142857142857 0.696428571428571 0.456632653061224 0.443877551020408
0.709183673469388 0.130102040816327 0.219387755102041 0.262755102040816 0.272959183673469 0.841836734693878 0.573979591836735 0.793367346938776
0.614795918367347 0.0204081632653061 0.469387755102041 0.436224489795918 0.487244897959184 0.614795918367347 0.540816326530612 0.293367346938776
0.798469387755102 0.372448979591837 0.24234693877551 0.0663265306122449 0.13265306122449 0.772959183673469 0.698979591836735 0.0739795918367347
0.885204081632653 0.395408163265306 0.168367346938776 0.329081632653061 0.145408163265306 0.454081632653061 0.446428571428571 0.24234693877551
0.767857142857143 0.0535714285714286 0.181122448979592 0.11734693877551 0.0969387755102041 0.739795918367347 0.525510204081633 0.73469387755102
0.74234693877551 0.446428571428571 0.211734693877551 0.280612244897959 0.227040816326531 0.239795918367347 0.688775510204082 0.783163265306122
0.482142857142857 0.540816326530612 0.494897959183673 0.571428571428571 0.505102040816326 0.260204081632653 0.635204081632653 0.602040816326531
0.431122448979592 0.260204081632653 0.352040816326531 0.698979591836735 0.413265306122449 0.352040816326531 0.645408163265306 0.716836734693878
0.395408163265306 0.0102040816326531 0.0408163265306122 0.673469387755102 0.474489795918367 0.107142857142857 0.497448979591837 0.938775510204082
0.989795918367347 0.0969387755102041 0.0816326530612245 0.0127551020408163 0.0918367346938776 0.979591836734694 0.724489795918367 0.846938775510204
0.964285714285714 0.0561224489795918 0.229591836734694 0.0943877551020408 0.0204081632653061 0.405612244897959 0.630102040816326 0.428571428571429
0.831632653061224 0.38265306122449 0.0229591836734694 0.0204081632653061 0.0994897959183673 0.887755102040816 0.676020408163265 0.535714285714286
0.974489795918367 0.344387755102041 0.0535714285714286 0.188775510204082 0.14030612244898 0.686224489795918 0.739795918367347 0.829081632653061
0.903061224489796 0.461734693877551 0.107142857142857 0.0535714285714286 0.0229591836734694 0.548469387755102 0.63265306122449 0.923469387755102
0.336734693877551 0.887755102040816 0.74234693877551 0.683673469387755 0.676020408163265 0.344387755102041 0.737244897959184 0.727040816326531
0.352040816326531 0.959183673469388 0.823979591836735 0.790816326530612 0.783163265306122 0.301020408163265 0.594387755102041 0.229591836734694
0.272959183673469 0.86734693877551 0.75765306122449 0.785714285714286 0.739795918367347 0.114795918367347 0.571428571428571 0.0586734693877551
0.426020408163265 0.665816326530612 0.645408163265306 0.627551020408163 0.73469387755102 0.913265306122449 0.535714285714286 0.35969387755102
0.451530612244898 0.558673469387755 0.586734693877551 0.551020408163265 0.612244897959184 0.706632653061224 0.693877551020408 0.586734693877551
0.415816326530612 0.642857142857143 0.596938775510204 0.377551020408163 0.566326530612245 0.436224489795918 0.704081632653061 0.216836734693878
0.538265306122449 0.653061224489796 0.456632653061224 0.38265306122449 0.469387755102041 0.255102040816327 0.686224489795918 0.543367346938776
0.387755102040816 0.625 0.607142857142857 0.586734693877551 0.701530612244898 0.665816326530612 0.770408163265306 0.038265306122449
0.433673469387755 0.471938775510204 0.665816326530612 0.456632653061224 0.63265306122449 0.60969387755102 0.642857142857143 0.438775510204082
0.400510204081633 0.49234693877551 0.637755102040816 0.642857142857143 0.678571428571429 0.497448979591837 0.658163265306122 0.186224489795918
0.397959183673469 0.418367346938776 0.576530612244898 0.352040816326531 0.591836734693878 0.744897959183674 0.607142857142857 0.0127551020408163
0.301020408163265 0.622448979591837 0.61734693877551 0.668367346938776 0.752551020408163 0.785714285714286 0.691326530612245 0.0714285714285714
0.344387755102041 0.61734693877551 0.729591836734694 0.73469387755102 0.686224489795918 0.326530612244898 0.64030612244898 0.591836734693878
0.420918367346939 0.790816326530612 0.801020408163265 0.816326530612245 0.698979591836735 0.191326530612245 0.801020408163265 0.839285714285714
0.346938775510204 0.637755102040816 0.655612244897959 0.915816326530612 0.714285714285714 0.323979591836735 0.637755102040816 0.145408163265306
0.216836734693878 0.979591836734694 0.752551020408163 0.778061224489796 0.627551020408163 0.0459183673469388 0.668367346938776 0.252551020408163
0.244897959183673 0.696428571428571 0.844387755102041 0.793367346938776 0.852040816326531 0.104591836734694 0.653061224489796 0.0255102040816327
0.783163265306122 0.354591836734694 0.147959183673469 0.158163265306122 0.204081632653061 0.477040816326531 0.663265306122449 0.247448979591837
0.706632653061224 0.612244897959184 0.420918367346939 0.540816326530612 0.39030612244898 0.244897959183673 0.561224489795918 0.918367346938776
0.683673469387755 0.0892857142857143 0.349489795918367 0.561224489795918 0.298469387755102 0.188775510204082 0.650510204081633 0.908163265306122
0.803571428571429 0.543367346938776 0.260204081632653 0.23469387755102 0.25765306122449 0.198979591836735 0.793367346938776 0.275510204081633
0.441326530612245 0.165816326530612 0.426020408163265 0.525510204081633 0.375 0.489795918367347 0.660714285714286 0.926020408163265
0.502551020408163 0.60969387755102 0.535714285714286 0.645408163265306 0.48469387755102 0.545918367346939 0.683673469387755 0.721938775510204
0.548469387755102 0.357142857142857 0.50765306122449 0.375 0.51530612244898 0.836734693877551 0.714285714285714 0.354591836734694
0.51530612244898 0.278061224489796 0.362244897959184 0.556122448979592 0.339285714285714 0.433673469387755 0.556122448979592 0.561224489795918
0.436224489795918 0.464285714285714 0.418367346938776 0.630102040816326 0.50765306122449 0.23469387755102 0.665816326530612 0.206632653061224
0.206632653061224 0.520408163265306 0.543367346938776 0.75 0.604591836734694 0.247448979591837 0.604591836734694 0.872448979591837
0.466836734693878 0.619897959183674 0.35969387755102 0.727040816326531 0.497448979591837 0.487244897959184 0.727040816326531 0.135204081632653
0.204081632653061 0.635204081632653 0.540816326530612 0.772959183673469 0.688775510204082 0.170918367346939 0.795918367346939 0.673469387755102
0.806122448979592 0.239795918367347 0.086734693877551 0.209183673469388 0.102040816326531 0.461734693877551 0.533163265306122 0.836734693877551
0.836734693877551 0.349489795918367 0.237244897959184 0.0969387755102041 0.188775510204082 0.596938775510204 0.647959183673469 0.994897959183674
0.512755102040816 0.352040816326531 0.668367346938776 0.721938775510204 0.642857142857143 0.262755102040816 0.627551020408163 0.316326530612245
0.326530612244898 0.581632653061224 0.594387755102041 0.362244897959184 0.573979591836735 0.86734693877551 0.719387755102041 0.683673469387755
0.471938775510204 0.301020408163265 0.454081632653061 0.395408163265306 0.525510204081633 0.770408163265306 0.811224489795918 0.193877551020408
0.329081632653061 0.535714285714286 0.642857142857143 0.494897959183673 0.650510204081633 0.760204081632653 0.73469387755102 0.540816326530612
0.35969387755102 0.862244897959184 0.622448979591837 0.663265306122449 0.673469387755102 0.857142857142857 0.780612244897959 0.400510204081633
0.224489795918367 0.954081632653061 0.798469387755102 0.76530612244898 0.806122448979592 0.459183673469388 0.778061224489796 0.900510204081633
0.331632653061224 0.857142857142857 0.772959183673469 0.75765306122449 0.775510204081633 0.201530612244898 0.823979591836735 0.0178571428571429
0.24234693877551 0.918367346938776 0.885204081632653 0.780612244897959 0.831632653061224 0.229591836734694 0.681122448979592 0.0459183673469388
0.278061224489796 0.767857142857143 0.818877551020408 0.775510204081633 0.801020408163265 0.380102040816327 0.711734693877551 0.329081632653061
0.26530612244898 0.913265306122449 0.905612244897959 0.887755102040816 0.920918367346939 0.26530612244898 0.762755102040816 0.369897959183673
0.163265306122449 0.920918367346939 0.895408163265306 0.806122448979592 0.841836734693878 0.227040816326531 0.721938775510204 0.0892857142857143
0.408163265306122 0.839285714285714 0.75 0.747448979591837 0.744897959183674 0.543367346938776 0.709183673469388 0.392857142857143
0.323979591836735 0.900510204081633 0.931122448979592 0.88265306122449 0.826530612244898 0.278061224489796 0.798469387755102 0.321428571428571
0.829081632653061 0.497448979591837 0.0969387755102041 0.191326530612245 0.0535714285714286 0.270408163265306 0.732142857142857 0.658163265306122
0.913265306122449 0.0637755102040816 0.0637755102040816 0.076530612244898 0.0841836734693878 0.528061224489796 0.670918367346939 0.877551020408163
0.918367346938776 0.35969387755102 0.232142857142857 0.298469387755102 0.048469387755102 0.35969387755102 0.599489795918367 0.160714285714286
0.650510204081633 0.441326530612245 0.369897959183673 0.290816326530612 0.446428571428571 0.311224489795918 0.826530612244898 0.11734693877551
0.599489795918367 0.5 0.566326530612245 0.25765306122449 0.732142857142857 0.964285714285714 0.75765306122449 0.64030612244898
0.535714285714286 0.928571428571429 0.89030612244898 0.744897959183674 0.821428571428571 0.581632653061224 0.931122448979592 0.158163265306122
0.663265306122449 0.104591836734694 0.48469387755102 0.198979591836735 0.622448979591837 0.98469387755102 0.816326530612245 0.607142857142857
0.545918367346939 0.821428571428571 0.737244897959184 0.418367346938776 0.693877551020408 0.989795918367347 0.716836734693878 0.176020408163265
0.948979591836735 0.10969387755102 0.262755102040816 0.178571428571429 0.229591836734694 0.0739795918367347 0.813775510204082 0.221938775510204
0.905612244897959 0.0918367346938776 0.267857142857143 0.176020408163265 0.196428571428571 0.313775510204082 0.60969387755102 0.076530612244898
0.811224489795918 0.403061224489796 0.0663265306122449 0.0714285714285714 0.11734693877551 0.892857142857143 0.673469387755102 0.178571428571429
0.956632653061224 0.563775510204082 0.137755102040816 0.163265306122449 0.181122448979592 0.443877551020408 0.790816326530612 0.788265306122449
0.729591836734694 0.487244897959184 0.510204081632653 0.438775510204082 0.451530612244898 0.558673469387755 0.625 0.0076530612244898
0.795918367346939 0.607142857142857 0.561224489795918 0.716836734693878 0.410714285714286 0.0229591836734694 0.701530612244898 0.0918367346938776
0.737244897959184 0.681122448979592 0.558673469387755 0.714285714285714 0.461734693877551 0.038265306122449 0.729591836734694 0.380102040816327
0.89030612244898 0.568877551020408 0.51530612244898 0.451530612244898 0.387755102040816 0.196428571428571 0.783163265306122 0.637755102040816
0.979591836734694 0.517857142857143 0.214285714285714 0.239795918367347 0.191326530612245 0.362244897959184 0.747448979591837 0.650510204081633
0.966836734693878 0.0229591836734694 0.0841836734693878 0.0408163265306122 0.0790816326530612 0.635204081632653 0.841836734693878 0.948979591836735
0.816326530612245 0.114795918367347 0.188775510204082 0.155612244897959 0.160714285714286 0.346938775510204 0.752551020408163 0.0688775510204082
0.936224489795918 0.145408163265306 0.0714285714285714 0.0841836734693878 0.114795918367347 0.655612244897959 0.744897959183674 0.729591836734694
0.701530612244898 0.252551020408163 0.505102040816326 0.482142857142857 0.456632653061224 0.599489795918367 0.885204081632653 0.137755102040816
0.655612244897959 0.229591836734694 0.448979591836735 0.433673469387755 0.520408163265306 0.903061224489796 0.948979591836735 0.696428571428571
0.556122448979592 0.375 0.512755102040816 0.461734693877551 0.576530612244898 0.928571428571429 0.857142857142857 0.163265306122449
0.377551020408163 0.711734693877551 0.604591836734694 0.459183673469388 0.681122448979592 0.801020408163265 0.877551020408163 0.313775510204082
0.877551020408163 0.561224489795918 0.178571428571429 0.275510204081633 0.219387755102041 0.576530612244898 0.887755102040816 0.693877551020408
0.775510204081633 0.596938775510204 0.423469387755102 0.448979591836735 0.466836734693878 0.553571428571429 0.772959183673469 0.880102040816326
0.770408163265306 0.408163265306122 0.36734693877551 0.24234693877551 0.380102040816327 0.813775510204082 0.892857142857143 0.767857142857143
0.971938775510204 0.147959183673469 0.372448979591837 0.471938775510204 0.352040816326531 0.482142857142857 0.849489795918367 0.969387755102041
0.849489795918367 0.505102040816326 0.285714285714286 0.25 0.278061224489796 0.563775510204082 0.862244897959184 0.954081632653061
1 0.275510204081633 0.0586734693877551 0.0790816326530612 0.155612244897959 0.714285714285714 0.76530612244898 0.99234693877551
0.719387755102041 0.135204081632653 0.530612244897959 0.64030612244898 0.5 0.25765306122449 0.829081632653061 0.479591836734694
0.98469387755102 0.14030612244898 0.0612244897959184 0.0637755102040816 0.158163265306122 0.946428571428571 0.818877551020408 0.806122448979592
0.99234693877551 0.25765306122449 0.0892857142857143 0.0102040816326531 0.147959183673469 0.954081632653061 0.706632653061224 0.0790816326530612
0.987244897959184 0.270408163265306 0.112244897959184 0.0153061224489796 0.308673469387755 0.994897959183674 0.755102040816326 0.790816326530612
0.943877551020408 0.308673469387755 0.397959183673469 0.127551020408163 0.558673469387755 0.931122448979592 0.831632653061224 0.433673469387755
0.778061224489796 0.673469387755102 0.497448979591837 0.102040816326531 0.645408163265306 0.987244897959184 0.834183673469388 0.775510204081633
0.994897959183674 0.137755102040816 0.119897959183673 0.107142857142857 0.0408163265306122 0.408163265306122 0.696428571428571 0.688775510204082
0.900510204081633 0.323979591836735 0.183673469387755 0.114795918367347 0.193877551020408 0.823979591836735 0.869897959183674 0.494897959183673
0.727040816326531 0.426020408163265 0.127551020408163 0.0459183673469388 0.038265306122449 0.530612244897959 0.74234693877551 0.818877551020408
0.846938775510204 0.553571428571429 0.545918367346939 0.770408163265306 0.535714285714286 0.0331632653061225 0.844387755102041 0.352040816326531
0.510204081632653 0.00255102040816327 0.0127551020408163 0.61734693877551 0.346938775510204 0.14030612244898 0.821428571428571 0.525510204081633
0.915816326530612 0.193877551020408 0.392857142857143 0.397959183673469 0.36734693877551 0.755102040816326 0.75 0.826530612244898
0.864795918367347 0.551020408163265 0.272959183673469 0.183673469387755 0.290816326530612 0.849489795918367 0.852040816326531 0.897959183673469
0.732142857142857 0.474489795918367 0.433673469387755 0.321428571428571 0.364795918367347 0.522959183673469 0.913265306122449 0.436224489795918
0.607142857142857 0.0306122448979592 0.502551020408163 0.326530612244898 0.428571428571429 0.533163265306122 0.936224489795918 0.760204081632653
0.658163265306122 0.122448979591837 0.522959183673469 0.497448979591837 0.420918367346939 0.594387755102041 0.903061224489796 0.191326530612245
0.454081632653061 0.262755102040816 0.556122448979592 0.691326530612245 0.477040816326531 0.0714285714285714 0.788265306122449 0.283163265306122
0.73469387755102 0.415816326530612 0.431122448979592 0.341836734693878 0.326530612244898 0.0663265306122449 0.864795918367347 0.0433673469387755
0.969387755102041 0.502551020408163 0.0255102040816327 0.0357142857142857 0.0076530612244898 0.719387755102041 0.839285714285714 0.239795918367347
0.982142857142857 0.0841836734693878 0.0688775510204082 0.0994897959183673 0.0459183673469388 0.505102040816326 0.806122448979592 0.198979591836735
0.908163265306122 0.311224489795918 0.0433673469387755 0.0510204081632653 0.0102040816326531 0.604591836734694 0.803571428571429 0.85969387755102
0.86734693877551 0.647959183673469 0.145408163265306 0.104591836734694 0.137755102040816 0.778061224489796 0.954081632653061 0.974489795918367
0.920918367346939 0.191326530612245 0.0739795918367347 0.0892857142857143 0.086734693877551 0.908163265306122 0.918367346938776 0.941326530612245
0.954081632653061 0.119897959183673 0.0918367346938776 0.0586734693877551 0.130102040816327 0.831632653061224 0.808673469387755 0.977040816326531
0.875 0.0816326530612245 0.14030612244898 0.137755102040816 0.0943877551020408 0.561224489795918 0.900510204081633 0.780612244897959
0.880102040816326 0.158163265306122 0.252551020408163 0.0688775510204082 0.239795918367347 0.571428571428571 0.836734693877551 0.10969387755102
0.892857142857143 0.206632653061224 0.216836734693878 0.0918367346938776 0.125 0.698979591836735 0.920918367346939 0.517857142857143
0.801020408163265 0.127551020408163 0.221938775510204 0.086734693877551 0.323979591836735 0.936224489795918 0.928571428571429 0.0969387755102041
0.895408163265306 0.448979591836735 0.25765306122449 0.214285714285714 0.221938775510204 0.122448979591837 0.974489795918367 0.0153061224489796
0.854591836734694 0.0280612244897959 0.26530612244898 0.244897959183673 0.237244897959184 0.25 0.910714285714286 0.724489795918367
0.85969387755102 0.0433673469387755 0.275510204081633 0.224489795918367 0.311224489795918 0.321428571428571 0.897959183673469 0.982142857142857
0.88265306122449 0.283163265306122 0.336734693877551 0.612244897959184 0.418367346938776 0.431122448979592 0.971938775510204 1
0.808673469387755 0.525510204081633 0.354591836734694 0.227040816326531 0.426020408163265 0.75765306122449 0.908163265306122 0.86734693877551
0.688775510204082 0.188775510204082 0.479591836734694 0.285714285714286 0.64030612244898 0.943877551020408 0.854591836734694 0.857142857142857
0.823979591836735 0.573979591836735 0.49234693877551 0.255102040816327 0.61734693877551 0.834183673469388 0.915816326530612 0.74234693877551
0.64030612244898 0.716836734693878 0.548469387755102 0.729591836734694 0.528061224489796 0.283163265306122 0.956632653061224 0.98469387755102
0.551020408163265 0.727040816326531 0.489795918367347 0.732142857142857 0.540816326530612 0.308673469387755 0.88265306122449 0.528061224489796
0.520408163265306 0.686224489795918 0.635204081632653 0.693877551020408 0.691326530612245 0.438775510204082 0.760204081632653 0.336734693877551
0.752551020408163 0.951530612244898 0.872448979591837 0.635204081632653 0.778061224489796 0.869897959183674 0.951530612244898 0.0331632653061225
0.403061224489796 0.627551020408163 0.581632653061224 0.420918367346939 0.589285714285714 0.762755102040816 0.846938775510204 0.318877551020408
0.303571428571429 0.706632653061224 0.630102040816326 0.35969387755102 0.721938775510204 0.663265306122449 0.775510204081633 0.778061224489796
0.660714285714286 0.438775510204082 0.308673469387755 0.428571428571429 0.415816326530612 0.941326530612245 0.966836734693878 0.150510204081633
0.668367346938776 0.227040816326531 0.303571428571429 0.357142857142857 0.433673469387755 0.775510204081633 0.926020408163265 0.346938775510204
0.928571428571429 0.221938775510204 0.301020408163265 0.36734693877551 0.331632653061224 0.85969387755102 0.872448979591837 0.415816326530612
0.755102040816326 0.369897959183673 0.298469387755102 0.354591836734694 0.397959183673469 0.556122448979592 1 0.533163265306122
0.788265306122449 0.698979591836735 0.428571428571429 0.331632653061224 0.377551020408163 0.63265306122449 0.880102040816326 0.153061224489796
0.673469387755102 0.576530612244898 0.520408163265306 0.441326530612245 0.479591836734694 0.89030612244898 0.86734693877551 0.204081632653061
0.50765306122449 0.331632653061224 0.446428571428571 0.50765306122449 0.517857142857143 0.676020408163265 0.969387755102041 0.556122448979592
0.933673469387755 0.377551020408163 0.255102040816327 0.211734693877551 0.0892857142857143 0.579081632653061 0.997448979591837 0.747448979591837
0.959183673469388 0.650510204081633 0.102040816326531 0.145408163265306 0.119897959183673 0.612244897959184 0.959183673469388 0.989795918367347
0.839285714285714 0.479591836734694 0.0994897959183673 0.135204081632653 0.0816326530612245 0.854591836734694 0.98469387755102 0.755102040816326
0.961734693877551 0.102040816326531 0.247448979591837 0.0612244897959184 0.165816326530612 0.418367346938776 0.946428571428571 0.487244897959184
0.923469387755102 0.272959183673469 0.193877551020408 0.160714285714286 0.170918367346939 0.752551020408163 0.99234693877551 0.262755102040816
0.938775510204082 0.591836734693878 0.334183673469388 0.415816326530612 0.209183673469388 0.237244897959184 0.994897959183674 0.854591836734694
0.931122448979592 0.209183673469388 0.270408163265306 0.247448979591837 0.23469387755102 0.451530612244898 0.961734693877551 0.892857142857143
0.910714285714286 0.313775510204082 0.288265306122449 0.173469387755102 0.262755102040816 0.704081632653061 0.989795918367347 0.915816326530612
0.946428571428571 0.459183673469388 0.122448979591837 0.119897959183673 0.0714285714285714 0.224489795918367 0.943877551020408 0.987244897959184
0.813775510204082 0.0994897959183673 0.0943877551020408 0.122448979591837 0.076530612244898 0.602040816326531 0.933673469387755 0.905612244897959
0.977040816326531 0.336734693877551 0.135204081632653 0.10969387755102 0.107142857142857 0.811224489795918 0.964285714285714 0.979591836734694
0.586734693877551 0.433673469387755 0.563775510204082 0.686224489795918 0.548469387755102 0.732142857142857 0.938775510204082 0.920918367346939
0.951530612244898 0.316326530612245 0.747448979591837 0.339285714285714 0.581632653061224 0.630102040816326 0.982142857142857 0.448979591836735
0.625 0.00510204081632653 0.528061224489796 0.49234693877551 0.403061224489796 0.24234693877551 0.979591836734694 0.451530612244898
0.428571428571429 0.594387755102041 0.64030612244898 0.704081632653061 0.512755102040816 0.316326530612245 0.895408163265306 0.548469387755102
0.841836734693878 0.341836734693878 0.487244897959184 0.543367346938776 0.443877551020408 0.512755102040816 0.977040816326531 0.849489795918367
0.926020408163265 0.589285714285714 0.438775510204082 0.336734693877551 0.313775510204082 0.130102040816327 0.923469387755102 0.334183673469388
0.637755102040816 0.178571428571429 0.517857142857143 0.431122448979592 0.556122448979592 0.658163265306122 0.905612244897959 0.831632653061224
0.698979591836735 0.224489795918367 0.451530612244898 0.403061224489796 0.494897959183673 0.566326530612245 0.941326530612245 0.420918367346939
0.997448979591837 0.318877551020408 0.165816326530612 0.0178571428571429 0.178571428571429 0.997448979591837 0.875 0.862244897959184
0.852040816326531 0.545918367346939 0.441326530612245 0.323979591836735 0.293367346938776 0.127551020408163 0.85969387755102 0.408163265306122
0.724489795918367 0.198979591836735 0.395408163265306 0.293367346938776 0.423469387755102 0.877551020408163 0.89030612244898 0.619897959183674
0.785714285714286 0.076530612244898 0.344387755102041 0.306122448979592 0.471938775510204 0.905612244897959 0.987244897959184 0.25
