0.312 0.246 0.267 0.695 0.636 0.83 0.585 0.589 0.078 0.485
0.709 0.692 0.728 0.286 0.275 0.972 0.814 0.853 0.041 0.887
0.813 0.809 0.939 0.159 0.147 0.213 0.877 0.1 0.114 0.919
0.027 0.157 0.04 0.963 0.988 0.297 0.363 0.51 0.001 0.507
0.71 0.833 0.914 0.132 0.151 0.874 0.896 0.912 0.195 0.599
0.373 0.525 0.182 0.611 0.541 0.74 0.124 0.899 0.686 0.387
0.878 0.65 0.656 0.351 0.394 0.98 0.965 0.132 0.15 0.952
0.377 0.542 0.509 0.459 0.416 0.467 0.402 0.197 0.085 0.601
0.662 0.818 0.88 0.413 0.527 0.178 0.292 0.905 0.512 0.907
0.433 0.823 0.505 0.397 0.358 0.295 0.111 0.054 0.638 0.005
0.245 0.489 0.297 0.606 0.665 0.702 0.236 0.362 0.831 0.05
0.035 0.161 0.023 0.98 0.948 0.598 0.332 0.231 0.331 0.162
0.425 0.288 0.248 0.595 0.659 0.568 0.144 0.378 0.632 0.098
0.55 0.446 0.702 0.385 0.365 0.643 0.687 0.21 0.443 0.668
0.188 0.515 0.414 0.546 0.687 0.413 0.508 0.711 0.473 0.76
0.058 0.225 0.133 0.865 0.805 0.443 0.321 0.556 0.668 0.184
0.475 0.531 0.514 0.448 0.495 0.506 0.695 0.192 0.508 0.189
0.646 0.811 0.911 0.093 0.098 0.921 0.755 0.08 0.294 0.362
0.286 0.203 0.155 0.738 0.742 0.331 0.269 0.469 0.662 0.864
0.839 0.817 0.958 0.048 0.047 0.901 0.924 0.166 0.242 0.709
0.712 0.865 0.59 0.579 0.486 0.161 0.071 0.111 0.583 0.937
0.778 0.661 0.624 0.602 0.606 0.633 0.08 0.125 0.034 0.981
0.665 0.763 0.856 0.094 0.065 0.574 0.913 0.907 0.667 0.735
0.066 0.154 0.081 0.91 0.884 0.375 0.39 0.627 0.581 0.392
0.04 0.129 0.039 0.991 0.93 0.606 0.344 0.769 0.777 0.432
0.017 0.222 0.01 0.951 0.89 0.283 0.355 0.233 0.61 0.543
0.604 0.575 0.607 0.202 0.167 0.329 0.175 0.727 0.8 0.13
0.841 0.905 0.967 0.084 0.078 0.168 0.788 0.137 0.03 0.971
0.177 0.029 0.03 0.93 0.92 0.728 0.436 0.423 0.428 0.197
0.502 0.179 0.328 0.818 0.886 0.492 0.765 0.563 0.773 0.477
0.288 0.421 0.374 0.551 0.607 0.284 0.252 0.251 0.522 0.293
0.863 0.808 0.877 0.327 0.338 0.692 0.07 0.931 0.049 0.977
0.318 0.189 0.391 0.708 0.718 0.87 0.713 0.424 0.79 0.74
0.938 0.804 0.734 0.109 0.095 0.897 0.992 0.909 0.952 0.335
0.289 0.302 0.362 0.675 0.647 0.398 0.469 0.668 0.459 0.289
0.965 0.958 0.801 0.405 0.463 0.026 0.044 0.015 0.868 0.951
0.735 0.346 0.721 0.424 0.388 0.117 0.855 0.44 0.031 0.883
0.829 0.856 0.909 0.242 0.317 0.559 0.835 0.065 0.019 0.965
0.261 0.556 0.26 0.725 0.679 0.752 0.674 0.206 0.349 0.344
0.074 0.443 0.331 0.77 0.771 0.7 0.374 0.228 0.398 0.586
0.944 0.464 0.663 0.85 0.963 0.07 0.049 0.601 0.511 0.811
0.38 0.392 0.117 0.753 0.69 0.169 0.163 0.537 0.52 0.263
0.048 0.24 0.175 0.916 0.957 0.429 0.351 0.346 0.857 0.145
0.184 0.306 0.165 0.883 0.95 0.307 0.582 0.743 0.658 0.833
0.614 0.522 0.64 0.369 0.439 0.678 0.803 0.798 0.298 0.804
0.11 0.139 0.101 0.923 0.863 0.509 0.197 0.417 0.028 0.354
0.337 0.202 0.203 0.62 0.598 0.322 0.274 0.395 0.369 0.546
0.453 0.562 0.422 0.613 0.601 0.857 0.137 0.54 0.319 0.267
0.353 0.6 0.377 0.548 0.56 0.584 0.148 0.157 0.95 0.087
0.835 0.835 0.806 0.174 0.191 0.159 0.911 0.051 0.131 0.938
0.102 0.047 0.011 0.971 0.968 0.399 0.38 0.546 0.463 0.32
0.9 0.959 0.994 0.013 0.017 0.189 0.94 0.852 0.197 0.913
0.076 0.113 0.131 0.918 0.841 0.229 0.261 0.612 0.921 0.689
0.827 0.516 0.612 0.359 0.311 0.833 0.957 0.146 0.135 0.851
0.383 0.71 0.541 0.335 0.321 0.866 0.463 0.785 0.577 0.163
0.423 0.126 0.301 0.598 0.55 0.144 0.192 0.829 0.014 0.533
0.444 0.463 0.228 0.565 0.516 0.648 0.633 0.792 0.052 0.447
0.209 0.104 0.049 0.828 0.774 0.812 0.213 0.656 0.325 0.079
0.984 0.998 0.902 0.063 0.148 0.006 0.013 0.002 0.062 0.536
0.428 0.379 0.52 0.389 0.352 0.358 0.524 0.409 0.801 0.132
0.721 0.813 0.797 0.3 0.384 0.236 0.883 0.095 0.023 0.964
0.748 0.707 0.851 0.138 0.161 0.66 0.738 0.384 0.101 0.762
0.403 0.371 0.392 0.733 0.759 0.829 0.553 0.704 0.328 0.001
0.47 0.526 0.429 0.51 0.496 0.675 0.636 0.163 0.295 0.454
0.008 0.256 0.016 0.924 0.872 0.266 0.417 0.649 0.737 0.412
0.589 0.61 0.358 0.447 0.506 0.856 0.812 0.402 0.895 0.31
0.726 0.335 0.689 0.15 0.128 0.955 0.74 0.454 0.92 0.694
0.779 0.444 0.68 0.213 0.202 0.977 0.83 0.241 0.116 0.708
0.201 0.259 0.152 0.882 0.873 0.664 0.465 0.283 0.809 0.245
0.011 0.236 0.008 0.939 0.895 0.622 0.306 0.74 0.922 0.494
0.913 0.961 0.961 0.077 0.073 0.115 0.903 0.011 0.691 0.967
0.416 0.465 0.319 0.616 0.572 0.884 0.458 0.841 0.72 0.099
0.248 0.123 0.198 0.76 0.681 0.179 0.164 0.403 0.152 0.185
0.623 0.93 0.706 0.374 0.371 0.086 0.794 0.95 0.742 0.868
0.158 0.384 0.177 0.669 0.655 0.226 0.226 0.571 0.993 0.621
0.6 0.538 0.58 0.315 0.301 0.151 0.594 0.761 0.219 0.559
0.267 0.159 0.224 0.748 0.715 0.51 0.567 0.588 0.784 0.016
0.591 0.119 0.371 0.53 0.551 0.32 0.093 0.385 0.239 0.465
0.256 0.478 0.242 0.487 0.449 0.682 0.431 0.83 0.721 0.199
0.702 0.9 0.675 0.079 0.08 0.287 0.063 0.813 0.488 0.655
0.515 0.552 0.693 0.332 0.315 0.645 0.205 0.605 0.333 0.622
0.54 0.729 0.719 0.168 0.144 0.532 0.66 0.191 0.243 0.175
0.026 0.086 0.071 0.996 0.998 0.558 0.399 0.687 0.976 0.223
0.5 0.02 0.064 0.988 0.989 0.482 0.346 0.47 0.477 0.503
0.524 0.766 0.712 0.228 0.248 0.603 0.705 0.767 0.126 0.349
0.958 0.793 0.303 0.504 0.469 0.991 0.929 0.76 0.391 0.659
0.122 0.319 0.313 0.796 0.799 0.455 0.273 0.582 0.932 0.404
0.002 0.019 0.211 1 0.996 0.688 0.313 0.535 0.53 0.256
0.314 0.673 0.345 0.464 0.458 0.744 0.184 0.754 0.953 0.509
0.297 0.505 0.38 0.635 0.58 0.676 0.472 0.229 0.879 0.029
0.679 0.624 0.891 0.136 0.13 0.798 0.725 0.202 0.027 0.67
0.925 0.967 0.937 0.012 0.016 0.049 0.042 0.997 0.893 0.411
0.727 0.495 0.717 0.123 0.122 0.993 0.167 0.485 0.484 0.3
0.661 0.324 0.61 0.325 0.322 0.9 0.751 0.609 0.937 0.059
0.798 0.919 0.791 0.248 0.299 0.903 0.784 0.972 0.999 0.582
0.967 0.795 0.683 0.271 0.376 0.088 0.014 0.167 0.489 0.945
0.277 0.211 0.158 0.801 0.749 0.583 0.467 0.235 0.335 0.434
0.358 0.447 0.237 0.557 0.513 0.246 0.133 0.819 0.49 0.642
0.73 0.599 0.639 0.64 0.683 0.198 0.734 0.058 0.086 0.953
0.981 0.928 0.826 0.088 0.114 0.02 0.059 0.986 0.825 0.077
0.933 0.667 0.186 0.819 0.806 0.058 0.055 0.791 0.08 0.736
0.89 0.89 0.807 0.312 0.204 0.073 0.04 0.057 0.317 0.994
0.615 0.521 0.485 0.215 0.197 0.523 0.126 0.215 0.547 0.165
0.35 0.056 0.167 0.806 0.757 0.293 0.489 0.451 0.306 0.373
0.441 0.111 0.262 0.631 0.648 0.663 0.277 0.594 0.881 0.575
0.055 0.152 0.104 0.928 0.969 0.374 0.343 0.676 0.956 0.527
0.672 0.51 0.635 0.449 0.422 0.926 0.859 0.148 0.134 0.75
0.467 0.257 0.25 0.601 0.557 0.346 0.56 0.397 0.302 0.283
0.293 0.094 0.077 0.694 0.65 0.627 0.188 0.465 0.791 0.157
0.448 0.845 0.808 0.177 0.159 0.261 0.663 0.094 0.681 0.592
0.732 0.368 0.723 0.314 0.39 0.847 0.712 0.686 0.86 0.45
0.653 0.592 0.561 0.358 0.307 0.882 0.786 0.219 0.166 0.874
0.126 0.26 0.412 0.922 0.942 0.67 0.534 0.315 0.531 0.677
0.805 0.897 0.727 0.078 0.074 0.323 0.959 0.073 0.812 0.051
0.166 0.372 0.33 0.686 0.621 0.451 0.265 0.297 0.222 0.329
0.795 0.812 0.78 0.142 0.17 0.811 0.53 0.834 0.207 0.846
0.253 0.237 0.35 0.69 0.724 0.531 0.461 0.434 0.815 0.431
0.554 0.822 0.694 0.188 0.189 0.318 0.613 0.925 0.943 0.695
0.585 0.698 0.899 0.251 0.218 0.548 0.701 0.153 0.332 0.357
0.541 0.329 0.2 0.779 0.779 0.772 0.476 0.261 0.535 0.813
0.722 0.715 0.705 0.28 0.333 0.078 0.831 0.897 0.201 0.82
0.239 0.416 0.575 0.615 0.602 0.537 0.512 0.326 0.589 0.481
0.569 0.754 0.809 0.235 0.199 0.896 0.756 0.875 0.341 0.104
0.279 0.188 0.246 0.815 0.898 0.484 0.588 0.287 0.313 0.161
0.812 0.862 0.93 0.256 0.236 0.123 0.068 0.358 0.006 0.99
0.07 0.164 0.043 0.852 0.856 0.403 0.37 0.42 0.504 0.024
0.461 0.087 0.239 0.685 0.737 0.852 0.704 0.4 0.509 0.641
0.266 0.09 0.146 0.784 0.831 0.245 0.151 0.672 0.493 0.118
0.867 0.85 0.971 0.057 0.057 0.157 0.922 0.885 0.04 0.89
0.46 0.677 0.507 0.592 0.626 0.887 0.61 0.168 0.829 0.298
0.906 0.903 0.82 0.062 0.06 0.992 0.935 0.12 0.05 0.537
0.163 0.411 0.476 0.737 0.753 0.409 0.389 0.541 0.87 0.698
0.625 0.917 0.601 0.409 0.377 0.952 0.146 0.034 0.883 0.821
0.23 0.349 0.472 0.671 0.634 0.362 0.271 0.284 0.625 0.495
0.996 1 0.955 0.017 0.018 0.997 0.824 0.004 0.363 0.006
0.668 0.184 0.592 0.434 0.408 0.575 0.89 0.731 0.68 0.802
0.331 0.593 0.605 0.457 0.393 0.475 0.671 0.209 0.565 0.093
0.147 0.009 0.464 0.814 0.854 0.368 0.348 0.325 0.431 0.54
0.527 0.291 0.544 0.451 0.372 0.719 0.651 0.646 0.196 0.297
0.969 0.987 0.903 0.026 0.028 0.956 0.997 1 0.598 0.42
0.075 0.226 0.251 0.866 0.961 0.419 0.297 0.741 0.725 0.644
0.159 0.032 0.005 0.945 0.925 0.218 0.245 0.432 0.781 0.376
0.874 0.445 0.585 0.473 0.537 0.107 0.849 0.65 0.189 0.847
0.943 0.839 0.828 0.075 0.075 0.155 0.062 0.954 0.64 0.056
0.254 0.005 0.08 0.975 0.991 0.706 0.558 0.509 0.408 0.732
0.006 0.065 0.109 0.998 1 0.527 0.43 0.598 0.611 0.825
0.105 0.082 0.274 0.874 0.935 0.235 0.228 0.514 0.989 0.213
0.682 0.78 0.648 0.432 0.418 0.101 0.611 0.042 0.709 0.915
0.78 0.471 0.76 0.345 0.319 0.142 0.875 0.775 0.208 0.875
0.151 0.305 0.122 0.735 0.653 0.656 0.358 0.479 0.666 0.102
0.576 0.283 0.439 0.526 0.517 0.418 0.64 0.222 0.262 0.369
0.42 0.533 0.492 0.508 0.514 0.834 0.67 0.332 0.57 0.363
0.346 0.023 0.268 0.929 0.868 0.462 0.6 0.55 0.111 0.487
0.349 0.382 0.357 0.465 0.54 0.165 0.158 0.728 0.518 0.032
0.657 0.88 0.45 0.26 0.222 0.132 0.078 0.961 0.755 0.106
0.871 0.872 0.822 0.069 0.085 0.931 0.945 0.919 0.44 0.449
0.596 0.784 0.669 0.276 0.226 0.902 0.798 0.064 0.808 0.09
0.885 0.924 0.752 0.365 0.549 0.018 0.973 0.701 0.726 0.809
0.032 0.144 0.068 0.982 0.975 0.296 0.334 0.726 0.902 0.787
0.647 0.459 0.658 0.454 0.456 0.124 0.717 0.155 0.269 0.9
0.505 0.504 0.554 0.559 0.703 0.263 0.104 0.828 0.859 0.782
0.33 0.207 0.299 0.755 0.816 0.804 0.625 0.755 0.756 0.497
0.516 0.52 0.379 0.428 0.398 0.761 0.486 0.317 0.33 0.271
0.719 0.76 0.646 0.192 0.162 0.937 0.767 0.305 0.257 0.65
0.206 0.419 0.535 0.684 0.726 0.395 0.517 0.34 0.608 0.576
0.495 0.612 0.549 0.364 0.382 0.731 0.689 0.195 0.544 0.341
0.802 0.5 0.478 0.534 0.658 0.116 0.072 0.123 0.357 0.888
0.344 0.381 0.399 0.61 0.583 0.344 0.304 0.626 0.641 0.168
0.343 0.338 0.459 0.662 0.775 0.24 0.686 0.67 0.948 0.089
0.566 0.167 0.565 0.582 0.63 0.788 0.746 0.393 0.714 0.562
0.69 0.886 0.812 0.1 0.091 0.145 0.785 0.048 0.283 0.884
0.966 0.947 0.873 0.209 0.296 0.027 0.031 0.984 0.826 0.832
0.345 0.168 0.111 0.687 0.615 0.718 0.159 0.573 0.659 0.331
0.81 0.441 0.688 0.274 0.244 0.06 0.862 0.129 0.585 0.817
0.8 0.81 0.926 0.181 0.22 0.139 0.879 0.061 0.011 0.904
0.176 0.289 0.19 0.78 0.789 0.273 0.215 0.57 0.216 0.287
0.539 0.057 0.102 0.813 0.746 0.898 0.575 0.515 0.307 0.697
0.085 0.122 0.083 0.868 0.834 0.446 0.301 0.43 0.743 0.269
0.018 0.215 0.014 0.95 0.919 0.614 0.308 0.738 0.537 0.682
0.84 0.771 0.811 0.045 0.044 0.252 0.092 0.889 0.94 0.081
0.28 0.527 0.649 0.518 0.503 0.447 0.548 0.667 0.194 0.439
0.756 0.948 0.674 0.262 0.288 0.801 0.93 0.014 0.987 0.266
0.983 0.934 0.679 0.203 0.242 0.994 0.996 0.957 0.75 0.764
0.757 0.846 0.744 0.569 0.688 0.133 0.067 0.13 0.123 0.901
0.49 0.439 0.497 0.35 0.346 0.681 0.72 0.645 0.472 0.794
0.207 0.107 0.221 0.821 0.855 0.289 0.46 0.459 0.224 0.37
0.138 0.036 0.052 0.972 0.903 0.22 0.255 0.577 0.713 0.204
0.445 0.494 0.557 0.554 0.595 0.859 0.682 0.455 0.029 0.322
0.409 0.64 0.583 0.415 0.531 0.657 0.667 0.214 0.45 0.541
0.707 0.765 0.359 0.572 0.66 0.114 0.074 0.915 0.955 0.674
0.942 0.816 0.517 0.334 0.295 0.04 0.915 0.923 0.633 0.83
0.324 0.454 0.296 0.6 0.544 0.342 0.556 0.205 0.724 0.57
0.103 0.36 0.096 0.911 0.83 0.793 0.396 0.718 0.796 0.671
0.706 0.702 0.56 0.555 0.508 0.091 0.675 0.882 0.757 0.807
0.486 0.557 0.36 0.395 0.362 0.28 0.141 0.239 0.359 0.398
0.817 0.868 0.906 0.081 0.099 0.927 0.941 0.088 0.192 0.385
0.759 0.37 0.552 0.5 0.472 0.967 0.763 0.746 0.457 0.492
0.439 0.577 0.616 0.445 0.413 0.723 0.136 0.697 0.435 0.025
0.141 0.415 0.185 0.715 0.669 0.212 0.222 0.324 0.253 0.318
0.862 0.726 0.773 0.406 0.35 0.096 0.851 0.435 0.563 0.954
0.776 0.869 0.881 0.498 0.548 0.796 0.79 0.085 0.066 0.993
0.48 0.499 0.435 0.346 0.331 0.843 0.683 0.788 0.046 0.632
0.864 0.414 0.341 0.789 0.747 0.269 0.06 0.839 0.273 0.969
0.699 0.858 0.741 0.255 0.341 0.82 0.793 0.878 0.552 0.215
0.571 0.535 0.742 0.408 0.542 0.713 0.737 0.181 0.221 0.435
0.572 0.355 0.665 0.435 0.443 0.84 0.783 0.56 0.108 0.636
0.947 0.981 0.943 0.101 0.121 0.417 0.025 0.013 0.929 0.957
0.617 0.916 0.71 0.196 0.18 0.885 0.769 0.032 0.377 0.841
0.082 0.46 0.153 0.763 0.711 0.257 0.223 0.189 0.468 0.652
0.924 0.826 0.538 0.578 0.64 0.036 0.888 0.101 0.447 0.611
0.39 0.21 0.323 0.573 0.528 0.739 0.621 0.59 0.644 0.469
0.875 0.77 0.805 0.244 0.208 0.092 0.759 0.926 0.039 0.974
0.542 0.427 0.528 0.31 0.258 0.588 0.728 0.356 0.387 0.488
0.859 0.621 0.847 0.186 0.158 0.919 0.985 0.857 0.211 0.791
0.199 0.241 0.352 0.761 0.794 0.292 0.323 0.386 0.338 0.167
0.716 0.714 0.762 0.163 0.164 0.943 0.103 0.892 0.173 0.777
0.911 0.954 0.888 0.145 0.116 0.043 0.057 0.952 0.389 0.991
0.003 0.062 0.394 0.83 0.916 0.389 0.561 0.5 0.427 0.26
0.61 0.502 0.566 0.206 0.193 0.378 0.157 0.81 0.495 0.347
0.355 0.55 0.334 0.57 0.535 0.496 0.464 0.825 0.885 0.105
0.512 0.451 0.279 0.626 0.564 0.148 0.665 0.433 0.821 0.121
0.192 0.022 0.025 0.956 0.904 0.202 0.303 0.415 0.573 0.393
0.62 0.742 0.74 0.253 0.217 0.097 0.753 0.92 0.056 0.852
0.194 0.245 0.314 0.793 0.786 0.551 0.254 0.291 0.786 0.127
0.278 0.405 0.285 0.649 0.585 0.514 0.612 0.361 0.492 0.459
0.375 0.563 0.576 0.444 0.432 0.397 0.121 0.269 0.246 0.448
0.168 0.165 0.343 0.847 0.924 0.615 0.439 0.523 0.125 0.122
0.043 0.052 0.378 0.811 0.825 0.498 0.493 0.528 0.719 0.375
0.66 0.551 0.711 0.344 0.339 0.841 0.822 0.194 0.441 0.85
0.688 0.436 0.522 0.293 0.273 0.366 0.748 0.405 0.185 0.711
0.593 0.728 0.846 0.156 0.174 0.711 0.775 0.872 0.474 0.343
0.465 0.475 0.627 0.442 0.368 0.762 0.235 0.678 0.165 0.309
0.959 0.982 0.98 0.002 0.006 0.513 0.017 0.012 0.997 0.849
0.671 0.631 0.786 0.18 0.216 0.392 0.886 0.169 0.507 0.125
0.639 0.317 0.376 0.462 0.429 0.533 0.772 0.664 0.551 0.069
0.777 0.778 0.871 0.117 0.111 0.466 0.9 0.046 0.304 0.747
0.677 0.209 0.685 0.329 0.329 0.596 0.12 0.411 0.992 0.374
0.369 0.15 0.256 0.653 0.727 0.416 0.24 0.471 0.88 0.191
0.857 0.844 0.916 0.105 0.119 0.904 0.963 0.077 0.133 0.902
0.049 0.134 0.226 0.967 0.993 0.48 0.385 0.695 0.466 0.401
0.537 0.369 0.46 0.393 0.389 0.91 0.138 0.529 0.089 0.583
0.227 0.097 0.066 0.824 0.782 0.173 0.501 0.709 0.606 0.173
0.385 0.258 0.093 0.734 0.722 0.424 0.335 0.265 0.244 0.229
0.429 0.296 0.427 0.501 0.461 0.325 0.551 0.512 0.345 0.316
0.413 0.198 0.373 0.593 0.644 0.602 0.666 0.381 0.692 0.608
0.352 0.39 0.571 0.563 0.631 0.489 0.443 0.368 0.094 0.755
0.056 0.227 0.196 0.869 0.84 0.452 0.319 0.576 0.924 0.091
0.27 0.002 0.05 0.937 0.907 0.184 0.253 0.505 0.373 0.231
0.582 0.752 0.337 0.441 0.459 0.735 0.766 0.186 0.358 0.836
0.828 0.353 0.65 0.488 0.462 0.047 0.791 0.16 0.889 0.842
0.628 0.819 0.815 0.053 0.052 0.463 0.662 0.259 0.312 0.205
0.449 0.263 0.368 0.656 0.72 0.609 0.642 0.629 0.258 0.258
0.287 0.248 0.431 0.778 0.755 0.594 0.715 0.503 0.367 0.704
0.336 0.402 0.403 0.668 0.723 0.825 0.579 0.25 0.015 0.756
0.118 0.042 0.032 0.977 0.946 0.472 0.267 0.468 0.959 0.186
0.951 0.681 0.547 0.73 0.853 0.046 0.064 0.85 0.043 0.666
0.703 0.587 0.545 0.284 0.294 0.839 0.102 0.94 0.569 0.305
0.866 0.904 0.659 0.382 0.313 0.932 0.987 0.033 0.894 0.823
0.023 0.187 0.019 0.962 0.959 0.288 0.384 0.308 0.816 0.304
0.211 0.28 0.07 0.885 0.892 0.634 0.491 0.318 0.17 0.116
0.325 0.511 0.318 0.529 0.492 0.134 0.637 0.635 0.34 0.46
0.989 0.877 0.794 0.076 0.07 0.028 0.006 0.965 0.963 0.579
0.434 0.255 0.265 0.698 0.689 0.129 0.617 0.661 0.13 0.898
0.916 0.95 0.99 0.009 0.012 0.077 0.944 0.946 0.28 0.822
0.686 0.315 0.739 0.497 0.468 0.781 0.82 0.68 0.418 0.311
0.311 0.027 0.135 0.886 0.814 0.815 0.544 0.487 0.482 0.626
0.564 0.749 0.695 0.237 0.308 0.244 0.239 0.118 0.768 0.002
0.073 0.177 0.078 0.795 0.743 0.434 0.318 0.526 0.605 0.71
0.395 0.07 0.215 0.732 0.79 0.431 0.49 0.548 0.663 0.277
0.108 0.046 0.038 0.964 0.965 0.401 0.381 0.555 0.678 0.086
0.096 0.311 0.388 0.759 0.744 0.225 0.338 0.821 0.822 0.383
0.396 0.703 0.725 0.411 0.378 0.471 0.584 0.436 0.753 0.654
0.895 0.975 0.976 0.039 0.039 0.054 0.061 0.978 0.887 0.987
0.236 0.35 0.218 0.672 0.627 0.623 0.317 0.236 0.081 0.39
0.974 0.96 0.775 0.131 0.137 0.089 0.007 0.962 0.838 0.248
0.741 0.684 0.546 0.195 0.192 0.059 0.909 0.88 0.277 0.918
0.823 0.748 0.667 0.467 0.546 0.981 0.894 0.043 0.083 0.797
0.746 0.797 0.85 0.089 0.089 0.973 0.872 0.903 0.103 0.771
0.392 0.43 0.332 0.999 0.999 0.699 0.724 0.924 0.946 0.996
0.464 0.561 0.641 0.246 0.252 0.629 0.516 0.282 0.225 0.522
0.446 0.654 0.793 0.294 0.278 0.567 0.409 0.461 0.436 0.202
0.993 0.957 0.837 0.12 0.133 0.007 0.005 0.983 0.426 0.785
0.894 0.952 0.895 0.121 0.11 0.961 0.799 0.981 0.85 0.084
0.309 0.272 0.243 0.639 0.618 0.695 0.211 0.624 0.18 0.285
0.939 0.969 0.857 0.038 0.041 0.051 0.984 0.995 0.442 0.696
0.378 0.155 0.169 0.739 0.702 0.156 0.196 0.227 0.162 0.688
0.357 0.472 0.344 0.655 0.663 0.17 0.129 0.133 0.559 0.474
0.143 0.067 0.197 0.899 0.861 0.736 0.41 0.489 0.711 0.722
0.233 0.413 0.154 0.772 0.815 0.746 0.485 0.258 0.891 0.313
0.154 0.114 0.067 0.838 0.843 0.363 0.511 0.659 0.599 0.288
0.651 0.736 0.915 0.102 0.165 0.591 0.802 0.833 0.326 0.551
0.562 0.622 0.644 0.376 0.373 0.787 0.789 0.887 0.37 0.358
0.51 0.264 0.483 0.681 0.725 0.457 0.709 0.616 0.163 0.542
0.583 0.616 0.469 0.476 0.44 0.376 0.805 0.142 0.646 0.15
0.283 0.233 0.227 0.705 0.697 0.248 0.504 0.38 0.525 0.217
0.437 0.632 0.486 0.333 0.292 0.637 0.282 0.883 0.596 0.408
0.837 0.86 0.959 0.059 0.053 0.889 0.947 0.481 0.132 0.568
0.588 0.192 0.436 0.625 0.643 0.92 0.658 0.391 0.274 0.661
0.021 0.2 0.009 0.96 0.945 0.608 0.3 0.708 0.622 0.078
0.928 0.943 0.992 0.011 0.015 0.99 0.97 0.966 0.07 0.751
0.547 0.584 0.724 0.36 0.361 0.844 0.754 0.262 0.604 0.179
0.065 0.151 0.269 0.907 0.915 0.385 0.377 0.633 0.827 0.083
0.558 0.635 0.346 0.295 0.26 0.221 0.139 0.838 0.487 0.238
0.608 0.064 0.567 0.603 0.575 0.888 0.587 0.567 0.687 0.12
0.76 0.814 0.617 0.127 0.115 0.128 0.088 0.145 0.811 0.629
0.681 0.34 0.714 0.292 0.306 0.747 0.711 0.29 0.036 0.589
0.296 0.576 0.453 0.479 0.48 0.309 0.186 0.147 0.502 0.468
0.957 0.915 0.67 0.336 0.554 0.022 0.288 0.035 0.288 0.703
0.263 0.547 0.356 0.676 0.785 0.483 0.481 0.122 0.973 0.01
0.157 0.015 0.027 0.981 0.995 0.254 0.19 0.591 0.704 0.222
0.044 0.053 0.24 0.777 0.673 0.268 0.153 0.45 0.951 0.819
0.91 0.357 0.589 0.542 0.53 0.076 0.035 0.367 0.799 0.399
0.472 0.581 0.487 0.348 0.332 0.831 0.147 0.723 0.22 0.391
0.205 0.143 0.042 0.791 0.778 0.715 0.552 0.277 0.371 0.406
0.384 0.076 0.402 0.729 0.74 0.369 0.59 0.474 0.817 0.027
0.575 0.166 0.621 0.381 0.343 0.631 0.721 0.593 0.787 0.651
0.956 0.876 0.568 0.412 0.518 0.014 0.977 0.041 0.556 0.976
0.393 0.606 0.442 0.621 0.589 0.737 0.119 0.257 0.107 0.681
0.506 0.38 0.564 0.608 0.539 0.461 0.117 0.49 0.899 0.739
0.204 0.566 0.361 0.711 0.616 0.497 0.45 0.849 0.652 0.566
0.987 0.999 1 0.001 0.001 0.528 0.054 0.998 0.939 0.014
0.666 0.837 0.89 0.16 0.196 0.758 0.843 0.038 0.058 0.829
0.762 0.898 0.834 0.05 0.048 0.786 0.964 0.719 0.872 0.265
0.565 0.674 0.63 0.419 0.385 0.535 0.735 0.874 0.073 0.754
0.234 0.31 0.06 0.769 0.709 0.18 0.307 0.558 0.727 0.234
0.342 0.481 0.282 0.712 0.707 0.473 0.172 0.812 0.904 0.232
0.995 0.787 0.443 0.574 0.645 0.998 0.999 0.03 0.617 0.017
0.717 0.781 0.923 0.229 0.178 0.108 0.778 0.082 0.308 0.871
0.513 0.514 0.482 0.56 0.651 0.166 0.174 0.182 0.266 0.128
0.127 0.458 0.124 0.629 0.6 0.412 0.362 0.46 0.58 0.683
0.761 0.588 0.718 0.34 0.342 0.976 0.85 0.097 0.25 0.857
0.222 0.103 0.234 0.844 0.911 0.5 0.542 0.343 0.245 0.482
0.22 0.601 0.611 0.677 0.71 0.351 0.527 0.906 0.362 0.108
0.347 0.53 0.516 0.528 0.489 0.785 0.54 0.817 0.543 0.604
0.613 0.571 0.595 0.249 0.274 0.849 0.797 0.636 0.496 0.146
0.877 0.539 0.792 0.208 0.245 0.916 0.813 0.134 0.265 0.226
0.183 0.425 0.364 0.703 0.657 0.321 0.44 0.856 0.4 0.394
0.036 0.147 0.09 0.984 0.944 0.601 0.347 0.764 0.539 0.535
0.116 0.303 0.172 0.742 0.661 0.554 0.415 0.37 0.63 0.603
0.904 0.946 0.993 0.018 0.02 0.832 0.961 0.964 0.025 0.922
0.054 0.141 0.187 0.947 0.962 0.356 0.36 0.328 0.985 0.151
0.372 0.679 0.468 0.352 0.409 0.382 0.513 0.786 0.384 0.178
0.24 0.423 0.261 0.702 0.622 0.632 0.176 0.18 0.282 0.294
0.87 0.913 0.978 0.049 0.049 0.958 0.979 0.943 0.31 0.733
0.431 0.059 0.114 0.767 0.784 0.456 0.22 0.497 0.003 0.605
0.771 0.828 0.965 0.072 0.066 0.88 0.878 0.062 0.053 0.812
0.687 0.929 0.697 0.321 0.27 0.183 0.828 0.971 0.6 0.923
0.436 0.014 0.425 0.775 0.8 0.789 0.518 0.511 0.147 0.355
0.743 0.841 0.947 0.173 0.173 0.878 0.907 0.877 0.118 0.863
0.08 0.294 0.173 0.825 0.857 0.454 0.276 0.31 0.697 0.228
0.364 0.607 0.708 0.425 0.406 0.372 0.647 0.387 0.395 0.496
0.792 0.901 0.974 0.042 0.045 0.968 0.926 0.951 0.199 0.714
0.407 0.221 0.369 0.535 0.509 0.784 0.475 0.428 0.299 0.607
0.087 0.12 0.056 0.878 0.804 0.709 0.414 0.579 0.423 0.594
0.94 0.867 0.687 0.095 0.103 0.118 0.029 0.937 0.975 0.731
0.501 0.553 0.662 0.303 0.28 0.797 0.685 0.619 0.462 0.224
0.093 0.429 0.201 0.783 0.77 0.742 0.314 0.139 0.386 0.334
0.182 0.136 0.216 0.898 0.974 0.507 0.669 0.286 0.705 0.346
0.404 0.347 0.144 0.766 0.728 0.842 0.536 0.337 0.115 0.571
0.52 0.596 0.499 0.502 0.477 0.821 0.652 0.196 0.643 0.519
0.768 0.517 0.691 0.296 0.323 0.095 0.779 0.824 0.209 0.824
0.815 0.801 0.898 0.175 0.23 0.149 0.921 0.832 0.215 0.935
0.796 0.785 0.972 0.06 0.064 0.883 0.908 0.814 0.018 0.815
0.869 0.491 0.428 0.421 0.465 0.988 0.098 0.545 0.886 0.21
0.113 0.432 0.094 0.843 0.82 0.197 0.452 0.152 0.966 0.545
0.522 0.598 0.769 0.283 0.268 0.732 0.557 0.306 0.16 0.493
0.664 0.82 0.771 0.212 0.255 0.837 0.857 0.949 0.39 0.843
0.232 0.649 0.475 0.366 0.318 0.391 0.478 0.32 0.48 0.196
0.884 0.972 0.966 0.007 0.011 0.438 0.98 0.979 0.549 0.239
0.883 0.827 0.925 0.054 0.059 0.753 0.95 0.914 0.097 0.908
0.257 0.629 0.441 0.588 0.62 0.345 0.185 0.279 0.845 0.063
0.057 0.228 0.13 0.871 0.836 0.43 0.326 0.458 0.329 0.455
0.438 0.487 0.423 0.446 0.445 0.822 0.573 0.374 0.281 0.753
0.788 0.774 0.867 0.194 0.243 0.954 0.891 0.108 0.075 0.805
0.648 0.832 0.591 0.404 0.353 0.873 0.108 0.045 0.927 0.486
0.348 0.285 0.284 0.743 0.865 0.642 0.643 0.237 0.334 0.295
0.101 0.049 0.017 0.966 0.97 0.405 0.373 0.544 0.383 0.19
0.335 0.573 0.473 0.478 0.452 0.379 0.122 0.369 0.376 0.096
0.051 0.17 0.107 0.995 0.98 0.336 0.33 0.759 0.912 0.5
0.689 0.457 0.684 0.391 0.485 0.094 0.752 0.272 0.761 0.859
0.979 0.891 0.666 0.323 0.484 0.004 0.998 0.638 0.448 0.236
0.419 0.132 0.4 0.623 0.731 0.679 0.427 0.69 0.869 0.418
0.729 0.672 0.777 0.183 0.187 0.909 0.901 0.864 0.353 0.624
0.544 0.84 0.883 0.153 0.169 0.892 0.744 0.083 0.454 0.054
0.14 0.04 0.012 0.931 0.91 0.411 0.366 0.583 0.974 0.721
0.781 0.786 0.738 0.347 0.31 0.264 0.115 0.204 0.231 0.943
0.88 0.914 0.912 0.067 0.026 0.924 0.917 0.024 0.591 0.678
0.736 0.721 0.859 0.172 0.168 0.908 0.863 0.117 0.168 0.781
0.219 0.145 0.098 0.915 0.877 0.653 0.538 0.643 0.42 0.506
0.935 0.034 0.338 0.889 0.978 0.037 0.041 0.637 0.553 0.638
0.12 0.044 0.02 0.957 0.954 0.439 0.31 0.562 0.967 0.719
0.125 0.266 0.17 0.757 0.809 0.427 0.295 0.268 0.685 0.218
0.228 0.004 0.007 0.952 0.891 0.464 0.238 0.507 0.945 0.061
0.738 0.912 0.936 0.182 0.146 0.934 0.895 0.976 0.324 0.715
0.676 0.69 0.84 0.217 0.214 0.324 0.86 0.86 0.399 0.886
0.224 0.617 0.363 0.552 0.599 0.319 0.227 0.518 0.26 0.386
0.088 0.337 0.381 0.86 0.923 0.39 0.48 0.406 0.694 0.438
0.281 0.312 0.16 0.758 0.754 0.651 0.474 0.772 0.407 0.395
0.34 0.008 0.233 0.94 0.982 0.536 0.576 0.521 0.601 0.514
0.856 0.942 0.932 0.285 0.32 0.163 0.047 0.848 0.271 0.989
0.922 0.789 0.533 0.511 0.581 0.03 0.974 0.935 0.305 0.893
0.165 0.206 0.048 0.845 0.795 0.314 0.17 0.342 0.789 0.734
0.479 0.656 0.454 0.289 0.264 0.725 0.703 0.873 0.871 0.111
0.797 0.744 0.532 0.371 0.335 0.982 0.881 0.822 0.406 0.775
0.175 0.11 0.164 0.856 0.796 0.37 0.503 0.462 0.323 0.209
0.852 0.888 0.981 0.034 0.037 0.774 0.953 0.908 0.106 0.657
0.089 0.326 0.324 0.809 0.902 0.49 0.209 0.622 0.461 0.246
0.784 0.759 0.654 0.394 0.555 0.1 0.1 0.053 0.597 0.968
0.934 0.986 0.942 0.098 0.09 0.365 0.038 0.992 0.792 0.988
0.708 0.655 0.579 0.317 0.265 0.895 0.819 0.188 0.119 0.723
0.214 0.359 0.446 0.72 0.716 0.662 0.257 0.345 0.584 0.018
0.483 0.27 0.49 0.67 0.803 0.827 0.71 0.294 0.254 0.554
0.308 0.583 0.534 0.558 0.672 0.549 0.578 0.836 0.368 0.588
0.98 0.756 0.523 0.506 0.499 0.017 0.053 0.106 0.656 0.306
0.545 0.591 0.788 0.269 0.246 0.886 0.616 0.693 0.051 0.457
0.079 0.05 0.089 0.986 0.994 0.441 0.327 0.486 0.104 0.115
0.982 0.997 0.979 0.005 0.009 0.978 0.02 0.003 0.977 0.61
0.019 0.212 0.055 0.955 0.908 0.612 0.32 0.753 0.354 0.166
0.408 0.391 0.43 0.589 0.675 0.557 0.568 0.789 0.533 0.472
0.144 0.012 0.001 0.969 0.893 0.76 0.401 0.631 0.795 0.009
0.112 0.297 0.202 0.746 0.713 0.65 0.419 0.473 0.746 0.138
0.341 0.098 0.156 0.768 0.719 0.488 0.632 0.63 0.385 0.458
0.559 0.779 0.843 0.087 0.079 0.928 0.598 0.334 0.421 0.345
0.684 0.676 0.562 0.561 0.519 0.227 0.586 0.07 0.156 0.96
0.631 0.761 0.578 0.499 0.402 0.14 0.821 0.784 0.458 0.86
0.997 0.8 0.854 0.031 0.035 0.002 0.995 0.254 0.077 0.092
0.555 0.574 0.716 0.211 0.183 0.893 0.731 0.694 0.187 0.101
0.09 0.3 0.244 0.785 0.734 0.641 0.437 0.475 0.579 0.046
0.485 0.096 0.208 0.699 0.712 0.689 0.606 0.613 0.292 0.633
0.693 0.634 0.426 0.356 0.327 0.071 0.817 0.28 0.309 0.79
0.763 0.687 0.748 0.158 0.212 0.959 0.943 0.208 0.284 0.548
0.226 0.345 0.396 0.674 0.662 0.646 0.383 0.621 0.372 0.555
0.58 0.485 0.759 0.42 0.417 0.571 0.809 0.478 0.024 0.51
0.905 0.555 0.551 0.773 0.88 0.074 0.052 0.913 0.715 0.95
0.937 0.939 0.875 0.226 0.359 0.05 0.032 0.97 0.696 0.844
0.64 0.637 0.766 0.257 0.239 0.865 0.811 0.349 0.252 0.839
0.161 0.191 0.163 0.816 0.764 0.31 0.173 0.323 0.1 0.259
0.65 0.807 0.802 0.119 0.082 0.989 0.162 0.52 0.012 0.572
0.915 0.396 0.524 0.48 0.545 0.986 0.937 0.249 0.82 0.712
0.903 0.802 0.779 0.205 0.215 0.042 0.781 0.716 0.016 0.955
0.064 0.367 0.231 0.84 0.955 0.555 0.333 0.851 0.672 0.241
0.031 0.162 0.134 0.978 0.964 0.29 0.356 0.739 0.419 0.361
0.787 0.755 0.908 0.17 0.213 0.141 0.866 0.347 0.045 0.876
0.455 0.018 0.451 0.862 0.827 0.759 0.596 0.355 0.767 0.713
0.766 0.7 0.81 0.103 0.112 0.951 0.889 0.802 0.172 0.656
0.052 0.362 0.23 0.87 0.864 0.404 0.499 0.366 0.841 0.067
0.724 0.783 0.944 0.154 0.149 0.135 0.876 0.089 0.121 0.873
0.351 0.013 0.276 0.817 0.949 0.408 0.468 0.448 0.631 0.021
0.56 0.385 0.508 0.652 0.698 0.255 0.097 0.304 0.684 0.314
0.474 0.344 0.515 0.485 0.43 0.512 0.678 0.443 0.09 0.147
0.953 0.966 0.833 0.118 0.104 0.041 0.028 0.975 0.778 0.073
0.129 0.038 0.123 0.976 0.926 0.367 0.432 0.566 0.901 0.479
0.654 0.039 0.613 0.418 0.33 0.782 0.433 0.671 0.905 0.273
0.949 0.911 0.951 0.116 0.096 0.045 0.051 0.029 0.729 0.853
0.225 0.342 0.317 0.765 0.837 0.545 0.521 0.301 0.587 0.198
0.99 0.985 0.988 0.025 0.008 0.008 0.004 0.01 0.917 0.985
0.078 0.13 0.119 0.903 0.811 0.224 0.268 0.431 0.738 0.598
0.295 0.646 0.493 0.515 0.504 0.487 0.473 0.842 0.434 0.036
0.616 0.117 0.287 0.475 0.476 0.948 0.531 0.399 0.485 0.415
0.563 0.564 0.764 0.27 0.293 0.765 0.749 0.816 0.807 0.8
0.799 0.931 0.931 0.247 0.25 0.16 0.036 0.969 0.962 0.941
0.001 0.016 0.448 0.893 0.819 0.449 0.342 0.383 0.855 0.421
0.764 0.925 0.946 0.03 0.03 0.946 0.096 0.942 0.847 0.206
0.879 0.409 0.804 0.378 0.404 0.963 0.986 0.344 0.009 0.776
0.816 0.91 0.868 0.339 0.277 0.066 0.033 0.075 0.204 0.997
0.476 0.648 0.477 0.453 0.411 0.917 0.242 0.778 0.451 0.664
0.511 0.273 0.387 0.567 0.59 0.278 0.15 0.527 0.978 0.609
0.43 0.611 0.668 0.568 0.638 0.751 0.602 0.891 0.233 0.78
0.79 0.49 0.465 0.553 0.494 0.085 0.082 0.794 0.828 0.071
0.961 0.873 0.893 0.115 0.106 0.024 0.069 0.958 0.416 0.643
0.927 0.951 0.753 0.239 0.109 0.964 0.991 0.936 0.36 0.881
0.307 0.328 0.424 0.709 0.721 0.791 0.641 0.392 0.316 0.665
0.791 0.772 0.781 0.164 0.155 0.899 0.897 0.213 0.084 0.927
0.643 0.668 0.657 0.741 0.792 0.192 0.134 0.055 0.554 0.932
0.694 0.712 0.796 0.14 0.125 0.763 0.861 0.706 0.02 0.505
0.452 0.534 0.366 0.463 0.454 0.203 0.446 0.232 0.586 0.388
0.368 0.518 0.409 0.537 0.556 0.337 0.131 0.811 0.994 0.617
0.919 0.949 0.986 0.02 0.021 0.069 0.978 0.948 0.32 0.757
0.398 0.366 0.31 0.472 0.497 0.359 0.403 0.357 0.541 0.055
0.592 0.383 0.415 0.512 0.505 0.755 0.7 0.177 0.824 0.422
0.718 0.586 0.704 0.273 0.254 0.738 0.845 0.8 0.013 0.827
0.152 0.453 0.32 0.619 0.61 0.771 0.418 0.439 0.594 0.019
0.824 0.704 0.844 0.401 0.474 0.243 0.084 0.311 0.24 0.939
0.53 0.569 0.789 0.331 0.337 0.577 0.11 0.313 0.179 0.517
0.536 0.452 0.645 0.322 0.272 0.234 0.732 0.371 0.337 0.729
0.509 0.401 0.432 0.439 0.379 0.341 0.408 0.352 0.575 0.424
0.399 0.395 0.411 0.426 0.349 0.814 0.212 0.444 0.063 0.137
0.181 0.269 0.308 0.826 0.797 0.694 0.525 0.634 0.506 0.403
0.975 0.883 0.652 0.373 0.419 0.023 0.016 0.19 0.618 0.995
0.914 0.625 0.527 0.469 0.442 0.966 0.839 0.35 0.909 0.094
0.909 0.92 0.985 0.028 0.029 0.749 0.967 0.944 0.105 0.885
0.658 0.251 0.637 0.297 0.285 0.162 0.796 0.299 0.69 0.296
0.4 0.254 0.351 0.576 0.566 0.754 0.507 0.62 0.285 0.193
0.774 0.782 0.642 0.403 0.427 0.962 0.885 0.917 0.38 0.741
0.424 0.523 0.42 0.68 0.714 0.803 0.589 0.859 0.344 0.378
0.313 0.628 0.437 0.503 0.493 0.381 0.187 0.744 0.505 0.049
0.25 0.16 0.327 0.908 0.832 0.317 0.407 0.247 0.561 0.59
0.203 0.426 0.29 0.665 0.667 0.717 0.378 0.758 0.182 0.243
0.552 0.063 0.367 0.659 0.576 0.72 0.505 0.466 0.607 0.156
0.185 0.095 0.079 0.861 0.808 0.491 0.195 0.27 0.564 0.135
0.731 0.831 0.963 0.074 0.067 0.239 0.932 0.105 0.067 0.746
0.333 0.664 0.577 0.532 0.522 0.272 0.609 0.866 0.833 0.004
0.793 0.842 0.904 0.377 0.357 0.4 0.836 0.102 0.227 0.984
0.725 0.035 0.266 0.895 0.844 0.217 0.091 0.648 0.072 0.962
0.092 0.213 0.139 0.904 0.842 0.565 0.537 0.607 0.875 0.272
0.853 0.738 0.747 0.245 0.259 0.119 0.871 0.114 0.322 0.929
0.773 0.853 0.896 0.107 0.097 0.113 0.773 0.198 0.241 0.879
0.361 0.741 0.729 0.313 0.344 0.686 0.574 0.756 0.478 0.124
0.574 0.174 0.385 0.556 0.523 0.867 0.77 0.452 0.248 0.808
0.469 0.618 0.604 0.489 0.525 0.61 0.673 0.138 0.065 0.81
0.926 0.923 0.9 0.033 0.042 0.975 0.989 0.973 0.805 0.558
0.045 0.23 0.18 0.927 0.992 0.47 0.386 0.296 0.5 0.123
0.235 0.657 0.463 0.417 0.435 0.349 0.279 0.33 0.184 0.529
0.673 0.878 0.829 0.199 0.206 0.082 0.631 0.854 0.382 0.792
0.406 0.361 0.513 0.667 0.694 0.863 0.626 0.779 0.375 0.194
0.013 0.232 0.037 0.938 0.913 0.625 0.286 0.71 0.405 0.348
0.473 0.614 0.291 0.527 0.562 0.566 0.691 0.144 0.71 0.413
0.855 0.753 0.816 0.071 0.102 0.208 0.777 0.911 0.844 0.389
0.198 0.163 0.171 0.835 0.85 0.301 0.18 0.652 0.41 0.66
0.432 0.54 0.526 0.455 0.512 0.697 0.615 0.557 0.343 0.169
0.543 0.512 0.596 0.32 0.282 0.206 0.739 0.84 0.004 0.333
0.601 0.716 0.696 0.129 0.138 0.665 0.742 0.895 0.483 0.377
0.202 0.183 0.275 0.794 0.732 0.23 0.571 0.554 0.693 0.307
1 0.99 0.982 0.027 0.024 0.003 0.001 0.999 0.706 0.725
0.519 0.277 0.5 0.522 0.533 0.432 0.569 0.293 0.758 0.801
0.739 0.699 0.782 0.234 0.198 0.95 0.916 0.159 0.14 0.574
0.861 0.935 0.831 0.361 0.543 0.628 0.968 0.977 0.595 0.982
0.907 0.973 0.962 0.044 0.043 0.012 0.92 0.016 0.944 0.899
0.899 0.849 0.957 0.061 0.063 0.971 0.927 0.933 0.143 0.92
0.097 0.105 0.051 0.82 0.783 0.207 0.285 0.547 0.877 0.524
0.17 0.298 0.127 0.728 0.656 0.573 0.448 0.331 0.264 0.2
0.819 0.884 0.97 0.032 0.031 0.965 0.939 0.187 0.093 0.62
0.459 0.455 0.383 0.519 0.501 0.773 0.52 0.673 0.017 0.619
0.733 0.908 0.69 0.353 0.437 0.09 0.865 0.069 0.315 0.816
0.898 0.984 0.997 0.006 0.01 0.522 0.936 0.006 0.619 0.93
0.339 0.193 0.115 0.717 0.674 0.335 0.193 0.322 0.609 0.203
0.618 0.652 0.751 0.278 0.289 0.33 0.099 0.178 0.074 0.685
0.042 0.072 0.283 0.946 0.986 0.478 0.311 0.116 0.445 0.687
0.807 0.718 0.602 0.39 0.403 0.102 0.066 0.879 0.91 0.73
0.629 0.653 0.618 0.133 0.136 0.879 0.639 0.255 0.396 0.286
0.872 0.909 0.783 0.126 0.094 0.437 0.981 0.027 0.862 0.371
0.832 0.937 0.722 0.146 0.127 0.912 0.869 0.963 0.491 0.894
0.104 0.503 0.149 0.65 0.684 0.592 0.502 0.158 0.867 0.154
0.747 0.524 0.761 0.316 0.269 0.08 0.892 0.141 0.2 0.831
0.886 0.72 0.842 0.342 0.446 0.521 0.858 0.606 0.627 0.946
0.447 0.579 0.47 0.279 0.227 0.741 0.562 0.221 0.517 0.325
0.644 0.773 0.778 0.254 0.24 0.872 0.837 0.808 0.655 0.814
0.084 0.131 0.046 0.849 0.822 0.704 0.421 0.542 0.866 0.372
0.062 0.204 0.088 0.846 0.826 0.465 0.305 0.584 0.763 0.281
0.561 0.497 0.504 0.477 0.455 0.578 0.655 0.273 0.136 0.425
0.999 0.899 0.918 0.08 0.087 0.001 1 0.109 0.914 0.072
0.595 0.626 0.832 0.134 0.135 0.953 0.225 0.871 0.21 0.44
0.132 0.438 0.416 0.654 0.619 0.794 0.247 0.216 0.238 0.766
0.786 0.671 0.661 0.19 0.171 0.072 0.905 0.847 0.174 0.854
0.882 0.549 0.814 0.47 0.507 0.15 0.948 0.861 0.198 0.88
0.068 0.18 0.184 0.804 0.788 0.414 0.357 0.464 0.444 0.742
0.607 0.79 0.821 0.128 0.101 0.877 0.661 0.932 0.033 0.284
0.1 0.048 0.11 0.97 0.972 0.402 0.375 0.476 0.843 0.475
0.902 0.955 0.949 0.238 0.186 0.131 0.024 0.989 0.486 0.958
0.772 0.713 0.647 0.29 0.312 0.211 0.856 0.642 0.446 0.936
0.115 0.153 0.113 0.873 0.86 0.526 0.189 0.289 0.498 0.4
0.487 0.343 0.479 0.486 0.502 0.499 0.593 0.698 0.623 0.639
0.421 0.585 0.818 0.456 0.414 0.556 0.599 0.348 0.403 0.074
0.814 0.762 0.92 0.25 0.302 0.164 0.847 0.127 0.069 0.924
0.212 0.354 0.355 0.673 0.717 0.354 0.231 0.379 0.514 0.047
0.128 0.22 0.194 0.855 0.838 0.384 0.376 0.275 0.765 0.693
0.426 0.318 0.634 0.54 0.487 0.237 0.182 0.615 0.235 0.23
0.532 0.623 0.677 0.223 0.219 0.745 0.177 0.801 0.476 0.219
0.397 0.48 0.521 0.367 0.316 0.46 0.135 0.749 0.516 0.613
0.584 0.172 0.293 0.88 0.763 0.8 0.733 0.267 0.926 0.473
0.443 0.669 0.672 0.438 0.451 0.453 0.371 0.319 0.798 0.023
0.21 0.448 0.254 0.597 0.591 0.271 0.425 0.449 0.848 0.441
0.16 0.543 0.311 0.799 0.821 0.502 0.519 0.174 0.938 0.409
0.231 0.356 0.3 0.628 0.584 0.544 0.42 0.522 0.712 0.745
0.59 0.56 0.559 0.268 0.229 0.152 0.106 0.246 0.145 0.521
0.237 0.279 0.235 0.697 0.649 0.333 0.352 0.336 0.456 0.068
0.622 0.532 0.615 0.221 0.279 0.11 0.113 0.586 0.984 0.41
0.652 0.758 0.543 0.493 0.635 0.529 0.898 0.201 0.708 0.783
0.586 0.836 0.495 0.266 0.234 0.824 0.718 0.959 0.519 0.417
0.836 0.696 0.28 0.693 0.625 0.087 0.065 0.89 0.171 0.949
0.19 0.106 0.147 0.887 0.858 0.241 0.2 0.363 0.12 0.489
0.767 0.484 0.755 0.304 0.203 0.918 0.089 0.278 0.751 0.015
0.009 0.247 0.003 0.926 0.889 0.635 0.266 0.39 0.788 0.35
0.518 0.374 0.54 0.585 0.57 0.783 0.692 0.263 0.634 0.445
0.095 0.031 0.316 0.917 0.936 0.683 0.495 0.531 0.464 0.499
0.893 0.861 0.927 0.112 0.134 0.104 0.87 0.863 0.098 0.983
0.3 0.178 0.22 0.612 0.553 0.326 0.258 0.543 0.381 0.317
0.189 0.024 0.031 0.954 0.939 0.722 0.444 0.608 0.806 0.396
0.68 0.902 0.863 0.104 0.108 0.906 0.841 0.968 0.931 0.523
0.477 0.071 0.292 0.834 0.776 0.691 0.482 0.572 0.957 0.699
0.806 0.848 0.928 0.056 0.056 0.922 0.914 0.837 0.01 0.423
0.2 0.149 0.12 0.786 0.76 0.716 0.549 0.703 0.969 0.007
0.963 0.938 0.866 0.288 0.38 0.021 0.075 0.036 0.835 0.567
0.521 0.708 0.494 0.396 0.479 0.71 0.109 0.793 0.744 0.062
0.634 0.473 0.37 0.43 0.425 0.065 0.664 0.234 0.479 0.866
0.139 0.128 0.057 0.881 0.869 0.357 0.514 0.644 0.982 0.008
0.567 0.644 0.732 0.307 0.345 0.828 0.776 0.217 0.228 0.835
0.923 0.66 0.572 0.193 0.175 0.062 0.037 0.276 0.852 0.235
0.191 0.021 0.035 0.958 0.951 0.714 0.451 0.61 0.958 0.301
0.599 0.633 0.731 0.267 0.281 0.905 0.14 0.826 0.276 0.451
0.594 0.088 0.573 0.591 0.534 0.864 0.438 0.783 0.823 0.737
0.711 0.791 0.787 0.437 0.614 0.075 0.085 0.15 0.679 0.855
0.546 0.488 0.676 0.326 0.314 0.304 0.145 0.248 0.263 0.453
0.463 0.59 0.726 0.275 0.257 0.186 0.244 0.472 0.51 0.6
0.482 0.281 0.294 0.482 0.431 0.2 0.237 0.552 0.191 0.591
0.941 0.974 0.848 0.2 0.181 0.936 0.954 0.994 0.896 0.999
0.74 0.544 0.407 0.71 0.835 0.067 0.076 0.831 0.059 0.889
0.171 0.026 0.015 0.961 0.971 0.231 0.216 0.426 0.981 0.64
0.851 0.882 0.874 0.124 0.131 0.201 0.906 0.956 0.138 0.931
0.514 0.267 0.6 0.58 0.706 0.661 0.629 0.617 0.249 0.547
0.316 0.75 0.653 0.375 0.4 0.448 0.218 0.742 0.923 0.003
0.804 0.641 0.887 0.265 0.276 0.925 0.955 0.17 0.112 0.77
0.612 0.794 0.872 0.141 0.211 0.876 0.706 0.733 0.521 0.525
0.405 0.388 0.553 0.691 0.693 0.355 0.331 0.625 0.928 0.367
0.82 0.866 0.905 0.043 0.051 0.983 0.893 0.91 0.388 0.692
0.213 0.378 0.354 0.666 0.604 0.59 0.434 0.223 0.178 0.034
0.481 0.558 0.48 0.543 0.532 0.659 0.684 0.865 0.393 0.419
0.274 0.404 0.247 0.692 0.686 0.238 0.506 0.316 0.346 0.149
0.046 0.307 0.159 0.92 0.947 0.205 0.161 0.604 0.949 0.171
0.621 0.885 0.799 0.096 0.142 0.36 0.4 0.927 0.648 0.705
0.83 0.829 0.924 0.085 0.081 0.835 0.938 0.093 0.11 0.896
0.012 0.235 0.084 0.935 0.905 0.276 0.392 0.717 0.465 0.353
0.848 0.851 0.853 0.092 0.126 0.053 0.154 0.225 0.079 0.798
0.492 0.777 0.444 0.379 0.434 0.302 0.208 0.9 0.293 0.365
0.745 0.615 0.433 0.298 0.354 0.96 0.649 0.09 0.534 0.188
0.119 0.348 0.452 0.721 0.7 0.672 0.646 0.574 0.311 0.882
0.754 0.469 0.556 0.468 0.475 0.974 0.795 0.162 0.139 0.292
0.701 0.747 0.681 0.49 0.594 0.428 0.624 0.93 0.23 0.966
0.387 0.582 0.581 0.368 0.397 0.415 0.523 0.602 0.3 0.192
0.327 0.62 0.349 0.481 0.421 0.539 0.605 0.843 0.78 0.08
0.568 0.398 0.633 0.259 0.263 0.396 0.149 0.321 0.229 0.352
0.854 0.732 0.398 0.423 0.369 0.038 0.933 0.179 0.071 0.623
0.556 0.567 0.467 0.4 0.392 0.19 0.618 0.112 0.717 0.07
0.329 0.208 0.278 0.634 0.561 0.858 0.379 0.569 0.432 0.515
0.123 0.509 0.189 0.754 0.685 0.684 0.547 0.902 0.89 0.707
0.818 0.806 0.941 0.047 0.05 0.048 0.918 0.846 0.037 0.634
0.394 0.456 0.339 0.46 0.441 0.193 0.181 0.796 0.113 0.444
0.551 0.717 0.795 0.318 0.355 0.106 0.741 0.921 0.342 0.872
0.945 0.991 0.825 0.052 0.055 0.044 0.982 0.005 0.856 0.56
0.007 0.261 0.002 0.921 0.862 0.267 0.405 0.696 0.35 0.602
0.685 0.663 0.746 0.152 0.132 0.947 0.792 0.886 0.19 0.84
0.529 0.691 0.606 0.388 0.356 0.613 0.726 0.084 0.475 0.68
0.86 0.798 0.864 0.225 0.291 0.084 0.832 0.06 0.144 0.878
0.302 0.231 0.249 0.749 0.772 0.53 0.51 0.307 0.934 0.142
0.503 0.299 0.506 0.505 0.511 0.734 0.654 0.327 0.677 0.768
0.306 0.252 0.281 0.747 0.676 0.525 0.498 0.372 0.054 0.573
0.077 0.373 0.142 0.752 0.798 0.639 0.68 0.578 0.526 0.429
0.606 0.695 0.629 0.197 0.228 0.913 0.543 0.762 0.275 0.627
0.03 0.14 0.082 0.979 0.987 0.585 0.349 0.295 0.637 0.279
0.638 0.602 0.481 0.651 0.608 0.204 0.116 0.154 0.183 0.934
0.047 0.093 0.491 0.897 0.881 0.277 0.459 0.618 0.74 0.039
0.195 0.313 0.168 0.877 0.976 0.52 0.572 0.805 0.613 0.628
0.698 0.249 0.632 0.338 0.375 0.599 0.84 0.364 0.776 0.706
0.734 0.776 0.921 0.198 0.221 0.845 0.887 0.876 0.151 0.865
0.744 0.142 0.749 0.22 0.205 0.86 0.846 0.763 0.588 0.384
0.755 0.83 0.945 0.091 0.084 0.94 0.899 0.079 0.234 0.662
0.094 0.282 0.225 0.859 0.909 0.6 0.496 0.647 0.503 0.728
0.831 0.879 0.735 0.243 0.225 0.122 0.708 0.955 0.782 0.828
0.659 0.896 0.948 0.106 0.12 0.802 0.736 0.074 0.155 0.075
0.386 0.275 0.386 0.633 0.628 0.34 0.679 0.501 0.858 0.748
0.649 0.609 0.593 0.496 0.433 0.143 0.128 0.735 0.205 0.895
0.15 0.033 0.059 0.953 0.918 0.219 0.248 0.437 0.314 0.214
0.414 0.352 0.55 0.617 0.596 0.334 0.638 0.41 0.54 0.676
0.964 0.971 0.737 0.218 0.177 0.032 0.009 0.988 0.545 0.928
0.142 0.393 0.192 0.718 0.646 0.181 0.435 0.483 0.542 0.727
0.135 0.377 0.21 0.641 0.67 0.422 0.336 0.498 0.378 0.22
0.691 0.805 0.709 0.21 0.232 0.935 0.834 0.939 0.56 0.743
0.609 0.638 0.41 0.727 0.807 0.817 0.801 0.737 0.392 0.862
0.145 0.121 0.061 0.854 0.847 0.504 0.191 0.705 0.278 0.095
0.692 0.67 0.765 0.143 0.145 0.611 0.8 0.193 0.651 0.212
0.535 0.08 0.525 0.618 0.692 0.517 0.677 0.457 0.621 0.765
0.494 0.176 0.277 0.596 0.558 0.673 0.694 0.407 0.161 0.379
0.255 0.4 0.259 0.638 0.605 0.328 0.179 0.438 0.397 0.113
0.061 0.194 0.238 0.841 0.87 0.57 0.328 0.382 0.854 0.799
0.549 0.477 0.413 0.306 0.251 0.41 0.526 0.203 0.327 0.437
0.632 0.922 0.651 0.539 0.617 0.138 0.16 0.068 0.861 0.933
0.96 0.979 0.998 0.004 0.004 0.016 0.03 0.996 0.749 0.752
0.371 0.506 0.336 0.514 0.478 0.195 0.217 0.827 0.671 0.264
0.215 0.271 0.456 0.723 0.633 0.707 0.442 0.302 0.455 0.778
0.626 0.205 0.587 0.547 0.5 0.729 0.127 0.488 0.972 0.726
0.282 0.513 0.537 0.604 0.691 0.316 0.456 0.492 0.154 0.27
0.249 0.437 0.236 0.584 0.571 0.315 0.243 0.183 0.169 0.716
0.525 0.069 0.087 0.872 0.829 0.769 0.566 0.614 0.109 0.06
0.107 0.068 0.161 0.909 0.96 0.68 0.479 0.524 0.907 0.648
0.291 0.403 0.145 0.566 0.567 0.44 0.361 0.553 0.699 0.012
0.847 0.824 0.935 0.191 0.166 0.56 0.782 0.722 0.047 0.963
0.18 0.253 0.181 0.808 0.812 0.406 0.388 0.416 0.76 0.183
0.602 0.234 0.471 0.571 0.52 0.353 0.657 0.484 0.971 0.328
0.223 0.589 0.298 0.74 0.839 0.569 0.426 0.869 0.915 0.208
0.713 0.926 0.838 0.387 0.328 0.282 0.086 0.05 0.654 1
0.086 0.334 0.15 0.836 0.867 0.511 0.204 0.442 0.97 0.597
0.155 0.238 0.106 0.788 0.751 0.388 0.395 0.252 0.469 0.606
0.737 0.709 0.922 0.189 0.207 0.081 0.842 0.774 0.022 0.789
0.667 0.689 0.72 0.167 0.179 0.668 0.774 0.388 0.361 0.669
0.029 0.092 0.075 0.994 0.997 0.313 0.284 0.692 0.411 0.763
0.365 0.216 0.417 0.776 0.879 0.581 0.659 0.333 0.903 0.585
0.229 0.32 0.174 0.79 0.748 0.262 0.251 0.757 0.716 0.299
0.578 0.757 0.498 0.301 0.284 0.929 0.105 0.797 0.626 0.037
0.656 0.701 0.767 0.125 0.139 0.476 0.653 0.918 0.439 0.356
0.497 0.843 0.83 0.178 0.194 0.485 0.601 0.047 0.296 0.129
0.765 0.87 0.91 0.185 0.223 0.177 0.853 0.714 0.217 0.911
0.633 0.658 0.745 0.108 0.093 0.644 0.758 0.888 0.064 0.658
0.024 0.169 0.029 0.959 0.979 0.589 0.315 0.502 0.415 0.552
0.451 0.821 0.75 0.155 0.154 0.79 0.155 0.067 0.412 0.03
0.533 0.376 0.217 0.513 0.448 0.171 0.62 0.354 0.379 0.339
0.37 0.604 0.406 0.37 0.381 0.823 0.198 0.713 0.339 0.139
0.523 0.06 0.563 0.41 0.395 0.826 0.65 0.725 0.008 0.065
0.611 0.58 0.87 0.224 0.237 0.854 0.771 0.682 0.181 0.478
0.178 0.389 0.272 0.581 0.536 0.78 0.354 0.603 0.9 0.33
0.705 0.694 0.73 0.311 0.29 0.103 0.808 0.901 0.272 0.837
0.292 0.19 0.321 0.7 0.682 0.364 0.165 0.745 0.988 0.616
0.769 0.595 0.598 0.536 0.49 0.915 0.807 0.394 0.766 0.097
0.896 0.927 0.973 0.021 0.019 0.969 0.966 0.044 0.157 0.625
0.156 0.435 0.329 0.627 0.593 0.191 0.364 0.24 0.783 0.119
0.356 0.138 0.207 0.707 0.632 0.649 0.608 0.482 0.925 0.578
0.85 0.424 0.733 0.179 0.185 0.667 0.818 0.281 0.936 0.58
0.162 0.223 0.307 0.906 0.833 0.703 0.487 0.66 0.911 0.34
0.534 0.323 0.302 0.66 0.824 0.154 0.095 0.538 0.837 0.508
0.037 0.115 0.044 0.99 0.983 0.586 0.369 0.253 0.736 0.044
0.986 0.977 0.96 0.058 0.061 0.056 0.002 0.026 0.223 0.98
0.825 0.918 0.977 0.037 0.036 0.687 0.983 0.98 0.347 0.612
0.243 0.33 0.178 0.756 0.761 0.327 0.262 0.212 0.213 0.684
0.071 0.175 0.047 0.798 0.739 0.214 0.29 0.504 0.832 0.253
0.504 0.666 0.474 0.33 0.396 0.748 0.404 0.916 0.366 0.201
0.321 0.394 0.103 0.689 0.629 0.479 0.591 0.641 0.43 0.276
0.992 0.995 0.913 0.068 0.083 0.025 0.003 0.017 0.779 0.897
0.517 0.386 0.57 0.44 0.412 0.861 0.697 0.691 0.352 0.531
0.022 0.196 0.028 0.965 0.94 0.286 0.382 0.26 0.818 0.565
0.402 0.578 0.305 0.594 0.642 0.188 0.123 0.164 0.318 0.43
0.174 0.079 0.086 0.901 0.878 0.433 0.232 0.665 0.639 0.332
0.411 0.408 0.372 0.696 0.802 0.553 0.471 0.677 0.365 0.538
0.471 0.519 0.614 0.392 0.374 0.303 0.221 0.445 0.394 0.254
0.897 0.963 0.892 0.082 0.092 0.136 0.056 0.974 0.916 0.94
0.435 0.685 0.588 0.407 0.405 0.436 0.698 0.858 0.66 0.498
0.548 0.733 0.827 0.204 0.224 0.587 0.125 0.172 0.499 0.026
0.238 0.001 0.072 0.942 0.887 0.768 0.449 0.506 0.592 0.428
0.45 0.719 0.758 0.349 0.304 0.275 0.264 0.052 0.603 0.442
0.849 0.792 0.919 0.302 0.297 0.256 0.09 0.059 0.057 0.998
0.303 0.397 0.222 0.714 0.73 0.55 0.533 0.809 0.853 0.1
0.004 0.006 0.213 0.913 0.876 0.339 0.353 0.365 0.669 0.593
0.728 0.647 0.813 0.362 0.324 0.109 0.815 0.721 0.149 0.914
0.081 0.116 0.138 0.896 0.849 0.698 0.428 0.585 0.919 0.244
0.304 0.442 0.258 0.517 0.466 0.851 0.309 0.23 0.06 0.717
0.217 0.492 0.076 0.646 0.586 0.77 0.387 0.266 0.968 0.066
0.834 0.603 0.326 0.545 0.51 0.12 0.457 0.684 0.232 0.861
0.901 0.548 0.803 0.11 0.156 0.215 0.931 0.135 0.467 0.596
0.273 0.508 0.253 0.902 0.859 0.547 0.488 0.341 0.62 0.126
0.655 0.109 0.389 0.495 0.415 0.068 0.581 0.477 0.77 0.767
0.72 0.619 0.608 0.52 0.467 0.098 0.094 0.804 0.996 0.471
0.41 0.63 0.353 0.384 0.41 0.187 0.291 0.113 0.888 0.043
0.091 0.041 0.036 0.992 0.973 0.481 0.272 0.494 0.775 0.635
0.13 0.262 0.183 0.774 0.787 0.373 0.447 0.732 0.417 0.52
0.328 0.565 0.539 0.474 0.424 0.593 0.47 0.199 0.513 0.268
0.838 0.775 0.934 0.135 0.163 0.111 0.923 0.862 0.186 0.869
0.587 0.434 0.701 0.337 0.305 0.891 0.668 0.353 0.494 0.382
0.844 0.799 0.885 0.073 0.072 0.979 0.958 0.099 0.261 0.877
0.92 0.796 0.626 0.483 0.453 0.97 0.039 0.04 0.702 0.992
0.93 0.98 0.894 0.187 0.141 0.89 0.934 0.001 0.752 0.912
0.808 0.887 0.756 0.309 0.3 0.13 0.073 0.953 0.647 0.978
0.134 0.148 0.255 0.914 0.845 0.209 0.256 0.292 0.433 0.462
0.978 0.965 0.94 0.219 0.153 0.035 0.015 0.049 0.733 0.986
0.811 0.875 0.933 0.137 0.157 0.158 0.854 0.945 0.356 0.944
0.785 0.688 0.869 0.214 0.19 0.274 0.912 0.768 0.061 0.942
0.955 0.893 0.678 0.241 0.298 0.01 0.988 0.73 0.212 0.49
0.285 0.25 0.223 0.782 0.777 0.776 0.604 0.271 0.635 0.414
0.508 0.613 0.686 0.287 0.271 0.655 0.58 0.121 0.087 0.534
0.794 0.665 0.784 0.281 0.256 0.923 0.96 0.2 0.167 0.856
0.315 0.265 0.219 0.832 0.767 0.671 0.681 0.48 0.267 0.29
0.216 0.545 0.673 0.632 0.666 0.386 0.455 0.36 0.718 0.031
0.782 0.921 0.839 0.065 0.062 0.636 0.058 0.947 0.59 0.426
0.381 0.559 0.53 0.343 0.399 0.223 0.287 0.242 0.67 0.563
0.005 0.025 0.214 0.839 0.899 0.58 0.423 0.685 0.734 0.691
0.241 0.476 0.232 0.713 0.762 0.73 0.672 0.868 0.849 0.48
0.498 0.325 0.51 0.525 0.482 0.638 0.623 0.495 0.81 0.615
0.187 0.182 0.309 0.912 0.984 0.503 0.532 0.244 0.898 0.359
0.7 0.815 0.692 0.147 0.143 0.039 0.867 0.098 0.47 0.806
0.025 0.181 0.021 0.968 0.966 0.595 0.312 0.312 0.657 0.738
0.454 0.496 0.179 0.624 0.611 0.26 0.114 0.689 0.941 0.045
0.366 0.061 0.229 0.853 0.921 0.805 0.634 0.396 0.748 0.672
0.624 0.387 0.582 0.363 0.407 0.911 0.57 0.699 0.193 0.467
0.072 0.158 0.116 0.863 0.817 0.696 0.416 0.549 0.942 0.082
0.499 0.857 0.929 0.113 0.105 0.35 0.466 0.066 0.615 0.057
0.059 0.224 0.058 0.864 0.801 0.394 0.367 0.551 0.762 0.262
0.06 0.171 0.054 0.894 0.952 0.421 0.337 0.654 0.256 0.114
0.269 0.29 0.204 0.663 0.695 0.258 0.201 0.425 0.29 0.282
0.892 0.847 0.62 0.38 0.266 0.182 0.046 0.938 0.935 0.058
0.374 0.651 0.574 0.575 0.552 0.658 0.656 0.441 0.289 0.278
0.179 0.03 0.041 0.925 0.882 0.743 0.391 0.422 0.703 0.701
0.319 0.433 0.271 0.664 0.671 0.442 0.545 0.855 0.175 0.321
0.149 0.278 0.195 0.745 0.696 0.27 0.229 0.666 0.983 0.274
0.683 0.331 0.774 0.227 0.184 0.172 0.112 0.79 0.908 0.618
0.382 0.365 0.1 0.647 0.609 0.881 0.169 0.653 0.688 0.303
0.921 0.739 0.879 0.201 0.182 0.034 0.696 0.126 0.568 0.91
0.603 0.852 0.699 0.305 0.36 0.563 0.825 0.063 0.236 0.141
0.376 0.768 0.66 0.341 0.366 0.474 0.603 0.14 0.558 0.035
0.427 0.743 0.555 0.258 0.253 0.54 0.619 0.896 0.612 0.312
0.106 0.268 0.408 0.805 0.733 0.538 0.477 0.427 0.961 0.14
0.133 0.073 0.073 0.884 0.906 0.705 0.445 0.496 0.954 0.159
0.462 0.007 0.421 0.781 0.932 0.597 0.645 0.599 0.747 0.323
0.826 0.941 0.968 0.046 0.046 0.764 0.826 0.11 0.279 0.975
0.412 0.594 0.511 0.516 0.524 0.377 0.156 0.87 0.422 0.211
0.929 0.737 0.819 0.055 0.058 0.033 0.972 0.092 0.141 0.891
0.362 0.304 0.065 0.822 0.752 0.712 0.25 0.447 0.268 0.826
0.752 0.645 0.623 0.429 0.447 0.112 0.079 0.922 0.892 0.718
0.918 0.933 0.989 0.022 0.023 0.061 0.956 0.96 0.164 0.909
0.458 0.077 0.489 0.683 0.639 0.809 0.648 0.568 0.965 0.788
0.842 0.874 0.79 0.162 0.209 0.518 0.747 0.867 0.026 0.973
0.109 0.301 0.322 0.8 0.813 0.306 0.21 0.404 0.409 0.518
0.833 0.693 0.447 0.45 0.426 0.055 0.833 0.752 0.73 0.16
0.299 0.242 0.333 0.736 0.773 0.534 0.607 0.314 0.695 0.645
0.034 0.124 0.033 0.987 0.99 0.582 0.365 0.715 0.127 0.867
0.137 0.201 0.212 0.875 0.793 0.361 0.441 0.734 0.616 0.107
0.332 0.636 0.531 0.436 0.483 0.501 0.627 0.238 0.813 0.336
0.244 0.058 0.264 0.787 0.704 0.426 0.564 0.513 0.802 0.637
0.491 0.74 0.861 0.24 0.249 0.799 0.206 0.218 0.038 0.528
0.948 0.892 0.858 0.122 0.117 0.985 0.994 0.736 0.021 0.744
0.917 0.97 0.952 0.016 0.032 0.031 0.88 0.019 0.202 0.925
0.247 0.332 0.191 0.706 0.701 0.279 0.278 0.765 0.068 0.364
0.259 0.054 0.125 0.934 0.958 0.294 0.171 0.632 0.582 0.085
0.153 0.412 0.304 0.648 0.603 0.233 0.23 0.467 0.555 0.143
0.597 0.102 0.461 0.716 0.781 0.775 0.413 0.815 0.774 0.182
0.322 0.467 0.241 0.642 0.654 0.435 0.522 0.173 0.117 0.227
0.723 0.536 0.519 0.443 0.538 0.063 0.78 0.124 0.214 0.779
0.29 0.597 0.44 0.471 0.526 0.542 0.535 0.844 0.413 0.24
0.221 0.358 0.289 0.645 0.664 0.444 0.494 0.534 0.675 0.502
0.952 0.895 0.862 0.04 0.034 0.624 0.99 0.941 0.897 0.152
0.334 0.57 0.501 0.416 0.481 0.576 0.563 0.771 0.529 0.539
0.912 0.682 0.401 0.549 0.678 0.121 0.023 0.934 0.732 0.177
0.753 0.627 0.763 0.23 0.235 0.093 0.884 0.091 0.148 0.818
0.803 0.722 0.736 0.264 0.287 0.945 0.925 0.359 0.449 0.595
0.809 0.881 0.984 0.029 0.027 0.343 0.902 0.072 0.099 0.784
0.619 0.745 0.682 0.149 0.16 0.756 0.743 0.776 0.091 0.724
0.881 0.45 0.798 0.308 0.309 0.052 0.91 0.787 0.188 0.793
0.169 0.363 0.099 0.704 0.623 0.167 0.528 0.597 0.501 0.052
0.645 0.659 0.141 0.771 0.735 0.147 0.132 0.702 0.218 0.959
0.041 0.286 0.136 0.997 0.977 0.495 0.397 0.211 0.851 0.158
0.276 0.045 0.157 0.919 0.922 0.311 0.393 0.564 0.471 0.251
0.57 0.474 0.325 0.661 0.68 0.242 0.087 0.818 0.819 0.55
0.538 0.185 0.496 0.521 0.521 0.228 0.13 0.628 0.548 0.038
0.167 0.075 0.286 0.879 0.756 0.813 0.453 0.835 0.665 0.25
0.985 0.936 0.776 0.166 0.262 0.995 0.018 0.021 0.739 0.436
0.442 0.462 0.445 0.414 0.367 0.194 0.207 0.592 0.128 0.549
0.401 0.081 0.503 0.851 0.78 0.69 0.644 0.674 0.259 0.587
0.131 0.507 0.348 0.524 0.471 0.393 0.411 0.339 0.874 0.18
0.468 0.276 0.335 0.622 0.573 0.792 0.203 0.561 0.048 0.324
0.26 0.529 0.502 0.607 0.587 0.308 0.143 0.463 0.653 0.11
0.846 0.686 0.628 0.731 0.888 0.079 0.081 0.039 0.27 0.921
0.489 0.608 0.609 0.458 0.559 0.616 0.745 0.165 0.593 0.249
0.908 0.907 0.457 0.492 0.529 0.984 0.804 0.037 0.528 0.774
0.114 0.043 0.018 0.974 0.956 0.458 0.283 0.559 0.698 0.342
0.242 0.003 0.273 0.943 0.897 0.767 0.462 0.508 0.602 0.7
0.998 0.953 0.836 0.157 0.201 1 0.012 0.02 0.839 0.181
0.696 0.541 0.715 0.151 0.118 0.249 0.761 0.413 0.122 0.646
0.663 0.825 0.671 0.139 0.124 0.332 0.816 0.107 0.906 0.631
0.258 0.422 0.245 0.636 0.574 0.669 0.484 0.669 0.515 0.195
0.635 0.108 0.584 0.422 0.488 0.445 0.702 0.517 0.524 0.216
0.015 0.219 0.108 0.941 0.934 0.62 0.28 0.675 0.682 0.381
0.931 0.746 0.817 0.148 0.077 0.029 0.083 0.928 0.576 0.443
0.014 0.229 0.013 0.944 0.896 0.617 0.316 0.245 0.683 0.491
0.976 0.992 0.999 0.008 0.002 0.836 0.05 0.985 0.93 0.033
0.488 0.68 0.597 0.354 0.351 0.579 0.676 0.119 0.437 0.504
0.354 0.662 0.27 0.531 0.578 0.281 0.5 0.565 0.303 0.72
0.821 0.678 0.569 0.538 0.491 0.057 0.757 0.781 0.636 0.416
0.284 0.037 0.063 0.892 0.823 0.3 0.325 0.525 0.55 0.63
0.991 0.983 0.956 0.019 0.007 0.949 0.022 0.022 1 0.834
0.891 0.945 0.991 0.01 0.013 0.63 0.949 0.031 0.076 0.772
0.053 0.214 0.091 0.888 0.928 0.45 0.329 0.373 0.424 0.338
0.714 0.734 0.901 0.232 0.2 0.941 0.873 0.104 0.255 0.686
0.193 0.568 0.419 0.605 0.569 0.546 0.298 0.176 0.873 0.013
0.264 0.322 0.121 0.762 0.729 0.259 0.241 0.22 0.237 0.275
0.868 0.769 0.907 0.083 0.076 0.795 0.971 0.773 0.158 0.795
0.067 0.218 0.132 0.9 0.81 0.708 0.597 0.224 0.84 0.446
0.016 0.217 0.022 0.949 0.929 0.618 0.293 0.707 0.401 0.112
0.988 0.956 0.849 0.372 0.364 0.013 0.01 0.987 0.731 0.903
0.77 0.725 0.855 0.233 0.283 0.818 0.976 0.375 0.321 0.749
0.845 0.906 0.969 0.036 0.033 0.371 0.904 0.023 0.042 0.803
0.581 0.723 0.713 0.319 0.391 0.721 0.259 0.904 0.348 0.427
0.675 0.889 0.889 0.066 0.071 0.757 0.714 0.967 0.764 0.673
0.526 0.572 0.393 0.484 0.436 0.933 0.118 0.184 0.177 0.702
0.294 0.417 0.449 0.63 0.758 0.541 0.294 0.782 0.203 0.407
0.417 0.011 0.312 0.812 0.912 0.871 0.693 0.663 0.991 0.526
0.742 0.838 0.882 0.13 0.15 0.957 0.868 0.096 0.102 0.466
0.268 0.101 0.118 0.993 0.981 0.543 0.35 0.823 0.722 0.022
0.326 0.316 0.39 0.637 0.613 0.196 0.234 0.519 0.481 0.237
0.196 0.274 0.148 0.764 0.736 0.423 0.302 0.446 0.351 0.302
0.275 0.341 0.288 0.577 0.565 0.251 0.275 0.516 0.98 0.649
0.968 0.968 0.823 0.261 0.347 0.019 0.026 0.993 0.986 0.972
0.484 0.643 0.865 0.386 0.444 0.621 0.398 0.389 0.159 0.257
0.301 0.418 0.347 0.544 0.624 0.516 0.614 0.662 0.913 0.242
0.01 0.239 0.006 0.936 0.9 0.626 0.296 0.724 0.336 0.511
0.789 0.735 0.8 0.452 0.457 0.701 0.107 0.131 0.044 0.979
0.388 0.44 0.342 0.564 0.597 0.146 0.555 0.256 0.772 0.04
0.317 0.308 0.458 0.726 0.745 0.654 0.635 0.536 0.567 0.308
0.063 0.055 0.295 0.842 0.851 0.505 0.263 0.493 0.453 0.614
0.379 0.47 0.488 0.55 0.498 0.81 0.559 0.58 0.429 0.464
0.117 0.42 0.128 0.827 0.769 0.75 0.299 0.881 0.735 0.452
0.164 0.089 0.053 0.867 0.875 0.459 0.219 0.681 0.571 0.461
0.493 0.501 0.631 0.466 0.464 0.726 0.628 0.243 0.153 0.291
0.936 0.976 0.878 0.099 0.152 0.125 0.045 0.087 0.142 0.948
0.391 0.156 0.205 0.614 0.563 0.247 0.142 0.575 0.095 0.47
0.858 0.855 0.95 0.165 0.172 0.38 0.827 0.75 0.002 0.961
0.758 0.859 0.698 0.216 0.107 0.733 0.848 0.071 0.99 0.207
0.246 0.309 0.306 0.751 0.791 0.477 0.541 0.309 0.578 0.172
0.636 0.399 0.462 0.583 0.577 0.064 0.787 0.799 0.301 0.758
0.97 0.993 0.995 0.003 0.005 0.868 0.021 0.008 0.46 0.397
0.579 0.803 0.757 0.328 0.325 0.894 0.806 0.086 0.572 0.858
0.528 0.498 0.257 0.433 0.37 0.677 0.719 0.806 0.673 0.136
0.124 0.493 0.166 0.831 0.848 0.724 0.424 0.82 0.645 0.176
0.674 0.944 0.897 0.272 0.336 0.312 0.73 0.028 0.287 0.947
0.251 0.293 0.209 0.682 0.738 0.647 0.515 0.639 0.628 0.148
0.865 0.863 0.975 0.041 0.038 0.944 0.928 0.929 0.082 0.87
0.186 0.479 0.188 0.688 0.765 0.494 0.539 0.845 0.814 0.516
0.704 0.864 0.86 0.064 0.069 0.652 0.823 0.264 0.247 0.759
0.973 0.932 0.772 0.086 0.1 0.005 0.993 0.777 0.562 0.483
0.598 0.364 0.199 0.643 0.612 0.819 0.727 0.175 0.536 0.679
0.197 0.295 0.092 0.744 0.699 0.425 0.322 0.414 0.291 0.319
0.697 0.461 0.785 0.282 0.247 0.862 0.75 0.081 0.836 0.247
0.557 0.017 0.438 0.802 0.818 0.619 0.699 0.679 0.402 0.315
0.367 0.099 0.586 0.491 0.401 0.846 0.716 0.53 0.701 0.786
0.305 0.051 0.097 0.876 0.914 0.572 0.368 0.532 0.998 0.456
0.069 0.112 0.14 0.905 0.938 0.42 0.34 0.64 0.676 0.327
0.172 0.028 0.004 0.933 0.931 0.216 0.246 0.6 0.707 0.011
0.642 0.284 0.7 0.357 0.363 0.153 0.341 0.418 0.884 0.653
0.801 0.73 0.845 0.09 0.086 0.853 0.962 0.156 0.364 0.848
0.605 0.605 0.638 0.291 0.286 0.468 0.166 0.884 0.745 0.233
0.95 0.989 0.964 0.014 0.022 0.222 0.864 0.018 0.979 0.905
0.252 0.078 0.263 0.823 0.846 0.176 0.168 0.338 0.864 0.351
0.822 0.727 0.876 0.176 0.21 0.099 0.942 0.894 0.124 0.906
0.888 0.639 0.643 0.399 0.428 0.185 0.043 0.185 0.546 0.326
0.669 0.706 0.625 0.427 0.42 0.305 0.077 0.207 0.226 0.221
0.338 0.127 0.129 0.829 0.917 0.778 0.63 0.298 0.794 0.761
0.038 0.146 0.105 0.985 0.937 0.604 0.345 0.226 0.918 0.368
0.627 0.764 0.655 0.184 0.188 0.199 0.178 0.421 0.664 0.366
0.573 0.483 0.603 0.355 0.386 0.806 0.592 0.136 0.088 0.769
0.971 0.964 0.996 0.023 0.003 0.015 0.969 0.025 0.624 0.675
0.457 0.287 0.397 0.599 0.547 0.777 0.194 0.288 0.251 0.513
0.577 0.197 0.151 0.807 0.894 0.779 0.76 0.658 0.425 0.117
0.418 0.697 0.466 0.59 0.677 0.508 0.729 0.149 0.804 0.484
0.02 0.199 0.024 0.948 0.953 0.605 0.289 0.412 0.728 0.38
0.033 0.133 0.069 0.983 0.985 0.298 0.324 0.72 0.614 0.663
0.876 0.675 0.835 0.161 0.195 0.105 0.919 0.78 0.032 0.956
0.496 0.1 0.193 0.792 0.883 0.838 0.723 0.595 0.642 0.225
0.121 0.091 0.062 0.837 0.828 0.21 0.27 0.491 0.865 0.153
0.218 0.085 0.085 0.89 0.933 0.693 0.577 0.747 0.649 0.17
0.962 0.962 0.987 0.015 0.014 0.126 0.048 0.982 0.842 0.076
0.363 0.292 0.405 0.523 0.47 0.348 0.406 0.539 0.574 0.187
0.36 0.375 0.455 0.724 0.75 0.674 0.688 0.623 0.146 0.405
0.146 0.486 0.095 0.75 0.741 0.562 0.233 0.376 0.876 0.041
0.136 0.186 0.112 0.848 0.768 0.524 0.183 0.657 0.7 0.584
0.783 0.854 0.707 0.324 0.34 0.914 0.838 0.078 0.055 0.97
0.67 0.788 0.884 0.114 0.123 0.907 0.829 0.803 0.834 0.02
0.63 0.751 0.841 0.171 0.14 0.855 0.762 0.103 0.137 0.667
0.456 0.449 0.536 0.494 0.45 0.137 0.483 0.274 0.414 0.69
0.751 0.407 0.512 0.609 0.568 0.942 0.509 0.3 0.497 0.028
0.099 0.406 0.395 0.722 0.766 0.232 0.497 0.171 0.759 0.561
0.31 0.074 0.384 0.81 0.871 0.685 0.55 0.429 0.878 0.556
0.775 0.431 0.754 0.299 0.303 0.816 0.844 0.766 0.452 0.845
0.298 0.546 0.518 0.507 0.46 0.552 0.26 0.161 0.882 0.512
0.111 0.084 0.252 0.833 0.941 0.727 0.583 0.419 0.557 0.255
0.148 0.537 0.542 0.586 0.582 0.352 0.249 0.533 0.297 0.569
0.05 0.243 0.206 0.891 0.852 0.387 0.359 0.456 0.723 0.577
0.098 0.41 0.126 0.857 0.943 0.253 0.224 0.795 0.96 0.064
0.507 0.01 0.434 0.701 0.637 0.808 0.595 0.499 0.964 0.337
0.262 0.428 0.176 0.562 0.515 0.564 0.429 0.807 0.523 0.564
0.994 0.996 0.824 0.144 0.113 0.011 0.008 0.009 0.689 0.926
0.265 0.118 0.143 0.719 0.705 0.486 0.565 0.398 0.803 0.042
0.715 0.327 0.418 0.431 0.383 0.666 0.852 0.581 0.096 0.796
0.678 0.683 0.619 0.207 0.176 0.175 0.768 0.611 0.538 0.476
0.695 0.195 0.703 0.263 0.326 0.174 0.69 0.335 0.947 0.28
0.843 0.724 0.768 0.398 0.438 0.939 0.882 0.748 0.176 0.916
0.977 0.871 0.77 0.169 0.233 0.996 0.034 0.076 0.65 0.557
0.039 0.137 0.034 0.989 0.927 0.285 0.339 0.77 0.629 0.155
0.887 0.333 0.382 0.644 0.652 0.938 0.975 0.377 0.005 0.532
0.553 0.554 0.484 0.402 0.348 0.85 0.554 0.596 0.206 0.581
0.466 0.468 0.636 0.383 0.334 0.848 0.202 0.651 0.355 0.647
0.389 0.336 0.34 0.797 0.866 0.493 0.454 0.898 0.754 0.402
0.271 0.482 0.558 0.509 0.473 0.383 0.422 0.351 0.83 0.048
0.75 0.466 0.743 0.277 0.267 0.407 0.81 0.751 0.674 0.838
0.946 0.988 0.953 0.051 0.054 0.009 0.874 0.99 0.286 0.544
0.954 0.94 0.954 0.07 0.068 0.083 0.027 0.056 0.785 0.892
0.932 0.978 0.852 0.222 0.241 0.127 0.019 0.991 0.995 0.773
0.323 0.642 0.548 0.533 0.588 0.515 0.152 0.151 0.771 0.164
0.889 0.894 0.983 0.024 0.025 0.987 0.952 0.143 0.007 0.917
0.44 0.125 0.045 0.657 0.592 0.519 0.529 0.683 0.863 0.144
0.637 0.767 0.938 0.111 0.129 0.869 0.722 0.115 0.092 0.261
0.422 0.066 0.365 0.679 0.641 0.64 0.622 0.408 0.404 0.501
0.028 0.173 0.026 0.973 0.967 0.291 0.372 0.712 0.129 0.252
0.478 0.711 0.664 0.236 0.231 0.561 0.394 0.729 0.769 0.088
0.641 0.244 0.594 0.461 0.387 0.875 0.764 0.303 0.793 0.053
0.208 0.339 0.074 0.932 0.901 0.338 0.199 0.587 0.374 0.463
0.083 0.351 0.137 0.803 0.885 0.347 0.492 0.401 0.741 0.174
0.173 0.083 0.162 0.858 0.874 0.469 0.214 0.7 0.532 0.131
0.272 0.731 0.599 0.587 0.579 0.265 0.101 0.893 0.438 0.109
0.531 0.834 0.917 0.097 0.088 0.766 0.707 0.128 0.661 0.133
0.32 0.314 0.315 0.678 0.708 0.299 0.281 0.453 0.566 0.53
0.415 0.321 0.375 0.541 0.423 0.607 0.412 0.655 0.933 0.103
0.359 0.135 0.404 0.658 0.668 0.25 0.546 0.329 0.797 0.553
0.749 0.705 0.622 0.252 0.238 0.807 0.946 0.688 0.846 0.433
0.972 0.994 0.886 0.035 0.04 0.999 0.011 0.007 0.527 0.134
0.873 0.528 0.529 0.231 0.261 0.93 0.951 0.285 0.035 0.36
